1 6
2 7
3 8
4 9
5 10
6 11
7 12
8 13
9 14
10 15
11 16
12 17
13 18
14 19
15 20
16 21
17 22
18 23
19 24
20 25
21 26
22 27
23 28
24 29
25 30
26 31
27 32
28 33
29 34
30 35
31 36
32 37
33 38
34 39
35 40
36 41
37 42
38 43
39 44
40 45
41 46
42 47
43 48
44 49
45 50
46 51
47 52
48 53
49 54
50 55
51 56
52 57
53 58
54 59
55 60
56 61
57 62
58 63
59 64
60 65
61 66
62 67
63 68
64 69
65 70
66 71
67 72
68 73
69 74
70 75
71 76
72 77
73 78
74 79
75 80
76 81
77 82
78 83
79 84
80 85
81 86
82 87
83 88
84 89
85 90
86 91
87 92
88 93
89 94
90 95
91 96
92 97
93 98
94 99
95 100
96 101
97 102
98 103
99 104
100 105
1 7
2 8
3 9
4 10
5 11
6 12
7 13
8 14
9 15
10 16
11 17
12 18
13 19
14 20
15 21
16 22
17 23
18 24
19 25
20 26
21 27
22 28
23 29
24 30
25 31
26 32
27 33
28 34
29 35
30 36
31 37
32 38
33 39
34 40
35 41
36 42
37 43
38 44
39 45
40 46
41 47
42 48
43 49
44 50
45 51
46 52
47 53
48 54
49 55
50 56
51 57
52 58
53 59
54 60
55 61
56 62
57 63
58 64
59 65
60 66
61 67
62 68
63 69
64 70
65 71
66 72
67 73
68 74
69 75
70 76
71 77
72 78
73 79
74 80
75 81
76 82
77 83
78 84
79 85
80 86
81 87
82 88
83 89
84 90
85 91
86 92
87 93
88 94
89 95
90 96
91 97
92 98
93 99
94 100
95 101
96 102
97 103
98 104
99 105
100 106
1 8
2 9
3 10
4 11
5 12
6 13
7 14
8 15
9 16
10 17
11 18
12 19
13 20
14 21
15 22
16 23
17 24
18 25
19 26
20 27
21 28
22 29
23 30
24 31
25 32
26 33
27 34
28 35
29 36
30 37
31 38
32 39
33 40
34 41
35 42
36 43
37 44
38 45
39 46
40 47
41 48
42 49
43 50
44 51
45 52
46 53
47 54
48 55
49 56
50 57
51 58
52 59
53 60
54 61
55 62
56 63
57 64
58 65
59 66
60 67
61 68
62 69
63 70
64 71
65 72
66 73
67 74
68 75
69 76
70 77
71 78
72 79
73 80
74 81
75 82
76 83
77 84
78 85
79 86
80 87
81 88
82 89
83 90
84 91
85 92
86 93
87 94
88 95
89 96
90 97
91 98
92 99
93 100
94 101
95 102
96 103
97 104
98 105
99 106
100 107
1 9
2 10
3 11
4 12
5 13
6 14
7 15
8 16
9 17
10 18
11 19
12 20
13 21
14 22
15 23
16 24
17 25
18 26
19 27
20 28
21 29
22 30
23 31
24 32
25 33
26 34
27 35
28 36
29 37
30 38
31 39
32 40
33 41
34 42
35 43
36 44
37 45
38 46
39 47
40 48
41 49
42 50
43 51
44 52
45 53
46 54
47 55
48 56
49 57
50 58
51 59
52 60
53 61
54 62
55 63
56 64
57 65
58 66
59 67
60 68
61 69
62 70
63 71
64 72
65 73
66 74
67 75
68 76
69 77
70 78
71 79
72 80
73 81
74 82
75 83
76 84
77 85
78 86
79 87
80 88
81 89
82 90
83 91
84 92
85 93
86 94
87 95
88 96
89 97
90 98
91 99
92 100
93 101
94 102
95 103
96 104
97 105
98 106
99 107
100 108
1 10
2 11
3 12
4 13
5 14
6 15
7 16
8 17
9 18
10 19
11 20
12 21
13 22
14 23
15 24
16 25
17 26
18 27
19 28
20 29
21 30
22 31
23 32
24 33
25 34
26 35
27 36
28 37
29 38
30 39
31 40
32 41
33 42
34 43
35 44
36 45
37 46
38 47
39 48
40 49
41 50
42 51
43 52
44 53
45 54
46 55
47 56
48 57
49 58
50 59
51 60
52 61
53 62
54 63
55 64
56 65
57 66
58 67
59 68
60 69
61 70
62 71
63 72
64 73
65 74
66 75
67 76
68 77
69 78
70 79
71 80
72 81
73 82
74 83
75 84
76 85
77 86
78 87
79 88
80 89
81 90
82 91
83 92
84 93
85 94
86 95
87 96
88 97
89 98
90 99
91 100
92 101
93 102
94 103
95 104
96 105
97 106
98 107
99 108
100 109
1 11
2 12
3 13
4 14
5 15
6 16
7 17
8 18
9 19
10 20
11 21
12 22
13 23
14 24
15 25
16 26
17 27
18 28
19 29
20 30
21 31
22 32
23 33
24 34
25 35
26 36
27 37
28 38
29 39
30 40
31 41
32 42
33 43
34 44
35 45
36 46
37 47
38 48
39 49
40 50
41 51
42 52
43 53
44 54
45 55
46 56
47 57
48 58
49 59
50 60
51 61
52 62
53 63
54 64
55 65
56 66
57 67
58 68
59 69
60 70
61 71
62 72
63 73
64 74
65 75
66 76
67 77
68 78
69 79
70 80
71 81
72 82
73 83
74 84
75 85
76 86
77 87
78 88
79 89
80 90
81 91
82 92
83 93
84 94
85 95
86 96
87 97
88 98
89 99
90 100
91 101
92 102
93 103
94 104
95 105
96 106
97 107
98 108
99 109
100 110
1 12
2 13
3 14
4 15
5 16
6 17
7 18
8 19
9 20
10 21
11 22
12 23
13 24
14 25
15 26
16 27
17 28
18 29
19 30
20 31
21 32
22 33
23 34
24 35
25 36
26 37
27 38
28 39
29 40
30 41
31 42
32 43
33 44
34 45
35 46
36 47
37 48
38 49
39 50
40 51
41 52
42 53
43 54
44 55
45 56
46 57
47 58
48 59
49 60
50 61
51 62
52 63
53 64
54 65
55 66
56 67
57 68
58 69
59 70
60 71
61 72
62 73
63 74
64 75
65 76
66 77
67 78
68 79
69 80
70 81
71 82
72 83
73 84
74 85
75 86
76 87
77 88
78 89
79 90
80 91
81 92
82 93
83 94
84 95
85 96
86 97
87 98
88 99
89 100
90 101
91 102
92 103
93 104
94 105
95 106
96 107
97 108
98 109
99 110
100 111
1 13
2 14
3 15
4 16
5 17
6 18
7 19
8 20
9 21
10 22
11 23
12 24
13 25
14 26
15 27
16 28
17 29
18 30
19 31
20 32
21 33
22 34
23 35
24 36
25 37
26 38
27 39
28 40
29 41
30 42
31 43
32 44
33 45
34 46
35 47
36 48
37 49
38 50
39 51
40 52
41 53
42 54
43 55
44 56
45 57
46 58
47 59
48 60
49 61
50 62
51 63
52 64
53 65
54 66
55 67
56 68
57 69
58 70
59 71
60 72
61 73
62 74
63 75
64 76
65 77
66 78
67 79
68 80
69 81
70 82
71 83
72 84
73 85
74 86
75 87
76 88
77 89
78 90
79 91
80 92
81 93
82 94
83 95
84 96
85 97
86 98
87 99
88 100
89 101
90 102
91 103
92 104
93 105
94 106
95 107
96 108
97 109
98 110
99 111
100 112
1 14
2 15
3 16
4 17
5 18
6 19
7 20
8 21
9 22
10 23
11 24
12 25
13 26
14 27
15 28
16 29
17 30
18 31
19 32
20 33
21 34
22 35
23 36
24 37
25 38
26 39
27 40
28 41
29 42
30 43
31 44
32 45
33 46
34 47
35 48
36 49
37 50
38 51
39 52
40 53
41 54
42 55
43 56
44 57
45 58
46 59
47 60
48 61
49 62
50 63
51 64
52 65
53 66
54 67
55 68
56 69
57 70
58 71
59 72
60 73
61 74
62 75
63 76
64 77
65 78
66 79
67 80
68 81
69 82
70 83
71 84
72 85
73 86
74 87
75 88
76 89
77 90
78 91
79 92
80 93
81 94
82 95
83 96
84 97
85 98
86 99
87 100
88 101
89 102
90 103
91 104
92 105
93 106
94 107
95 108
96 109
97 110
98 111
99 112
100 113
1 15
2 16
3 17
4 18
5 19
6 20
7 21
8 22
9 23
10 24
11 25
12 26
13 27
14 28
15 29
16 30
17 31
18 32
19 33
20 34
21 35
22 36
23 37
24 38
25 39
26 40
27 41
28 42
29 43
30 44
31 45
32 46
33 47
34 48
35 49
36 50
37 51
38 52
39 53
40 54
41 55
42 56
43 57
44 58
45 59
46 60
47 61
48 62
49 63
50 64
51 65
52 66
53 67
54 68
55 69
56 70
57 71
58 72
59 73
60 74
61 75
62 76
63 77
64 78
65 79
66 80
67 81
68 82
69 83
70 84
71 85
72 86
73 87
74 88
75 89
76 90
77 91
78 92
79 93
80 94
81 95
82 96
83 97
84 98
85 99
86 100
87 101
88 102
89 103
90 104
91 105
92 106
93 107
94 108
95 109
96 110
97 111
98 112
99 113
100 114
