660541 796457
899606 421793
713770 641485
993173 135678
175399 785239
259228 908594
699427 114941
136343 626706
232626 105987
807384 45936
906622 657050
626776 172293
645259 937698
460938 946635
791076 997840
429597 642536
503783 321451
76303 57988
551466 539440
756649 359547
11081 394838
617115 50798
984014 300396
817588 849396
409147 727582
639741 184110
101238 600342
330035 38841
567249 568319
666272 384572
580598 557604
803733 344864
726700 594295
426502 166623
190216 483182
696194 947766
954162 637704
854989 410868
620499 925102
55644 930741
774936 603700
190124 312296
840358 949822
529407 683467
442970 741695
326068 89336
503163 695069
229762 831833
243647 412913
634256 92024
793846 530154
5940 855537
270103 763025
553031 713096
999526 370855
111842 703063
981694 845866
438071 509280
619264 356534
189197 216385
564888 831881
977049 727045
92137 639455
845046 419351
266133 365628
42114 138833
436778 408584
55764 822898
317164 176980
439965 511854
535547 288379
862554 464608
627809 408163
122163 967899
4410 159779
564083 808222
284480 962046
642149 733989
252530 722702
260295 607068
637345 814268
647662 297519
170839 952940
914486 10236
511268 387445
764451 275114
650758 485133
517593 706515
43316 493124
932468 159901
858503 870567
915205 261030
937862 978693
617258 959133
233676 921998
788425 925870
924696 641943
898088 153237
291569 5433
181420 423892
291572 475866
805293 21375
881084 394499
471410 352757
801900 371184
280718 924265
890715 188263
183510 109470
414109 791232
78397 861745
464042 920003
95375 201936
365038 350702
580550 589065
676653 950549
449868 128381
181392 707300
974862 931699
198863 97089
447161 451080
505533 159308
873685 318916
993323 357640
67834 477641
886074 687955
793266 326117
22721 810129
563757 397446
215062 669159
608667 803405
552765 362787
791530 634235
719019 504121
257564 900680
294069 276265
257219 795154
165338 111292
504540 592114
34281 575468
478470 367979
314705 501027
849437 998716
5763 384924
725624 515029
372613 379174
708603 638118
720086 156615
905561 621522
196474 237757
979881 62530
686689 274848
569124 866903
436856 834531
294585 368183
272715 802937
558989 738505
919637 813268
937874 856891
78246 749384
342659 78848
952239 972622
230201 508248
107117 915045
125037 289927
170032 736915
111691 837863
863047 569674
608111 455321
516938 116581
185662 371159
779396 529489
469092 110245
972347 366793
489573 685542
208604 804793
555490 712139
582600 337924
726891 420454
946677 105953
669819 593565
713282 130208
317396 792057
14364 830987
799672 399262
280582 63719
882945 944533
963784 7898
219358 864901
686390 676966
178218 850753
333979 639251
196778 709627
174467 113132
660643 913173
282210 673247
854934 102360
23716 52424
472921 694206
479122 530503
61268 621161
112093 398349
466644 76215
720523 924406
848783 105389
299387 782800
465269 399632
626070 854139
238831 124626
959636 519720
908406 601833
899048 835907
316435 199100
222794 21677
161455 289527
820383 872674
935958 735679
8902 552058
486796 219583
35329 507403
686924 657567
735742 653611
674585 620630
73538 84691
757827 112662
385969 993759
360889 227558
782204 810930
872645 484814
124007 696566
857064 756011
443381 52609
760722 367522
412403 401171
308734 652465
726687 103868
697192 216609
559219 862938
658540 282904
344785 783552
97980 142603
414156 683315
420926 212816
482768 391310
468288 454417
30896 369605
766937 488989
946186 190022
356573 273112
180633 445115
327164 115859
261399 710700
748151 85494
473549 206146
313792 819802
320120 936806
617710 300787
605209 390408
947034 367722
363674 669948
976025 380681
535768 857022
296085 922768
977937 524438
204298 458853
902444 365655
12699 408807
156895 6529
318798 58147
112896 846918
819371 322207
518764 559338
119404 757012
126030 182979
711009 390714
433933 814816
277091 501179
60948 43078
137970 261961
444607 998998
527534 135947
837151 225162
212526 910194
293866 658526
1025 443755
249538 211211
240767 377901
129824 835246
246730 709041
996637 65864
235302 101634
898717 539102
264755 348138
73688 369793
667459 249868
575174 941992
508636 769936
613927 496697
963403 991288
109996 358630
697699 137618
69381 959156
758225 302534
905416 743255
630941 358159
288186 838138
177151 698118
494142 910043
963355 512090
207127 948498
665371 846556
818972 137009
830120 868663
236535 216775
977029 740733
958745 971263
872648 898588
86718 253478
359157 53103
755864 72458
651896 559473
111707 976765
576127 384652
858020 983545
635570 966671
185735 133149
574288 878591
283315 572566
381607 930372
102532 519001
474224 292868
930981 508556
692484 705741
290336 524100
540287 245612
657988 792233
137392 405147
524914 706614
681145 672086
685316 875613
521610 761806
846105 329928
53236 696567
355137 547641
325036 613884
556738 708626
953119 854035
972485 700721
573164 805290
928864 692787
121091 208064
200065 845210
487896 966033
713395 613129
608195 697001
599440 881580
533943 827098
256580 490612
965533 771593
346553 907648
194572 3490
328356 234327
724391 750444
169964 812178
683796 738614
814898 115991
936148 170353
87041 261695
92420 998936
508116 859609
544815 982601
193790 842824
616654 790775
317754 620231
247261 234169
455247 218061
936538 677690
953311 782668
216989 370259
627277 150931
887887 125942
660809 733011
220552 5825
118906 311614
588041 394034
373510 77963
883410 284858
174657 397782
543970 679914
847343 386725
176201 450122
650680 486726
631211 872649
309159 720724
312531 480078
863006 791000
543729 12909
573594 416011
357874 658805
743775 847097
90426 359014
117440 315010
286849 11007
870605 382331
899783 217974
342169 97713
586805 957185
875110 889229
376658 900433
873584 112339
253982 919263
765523 988101
356686 391007
163161 296420
223077 509328
567780 682582
202604 88629
489972 554147
330062 108830
294166 343385
463634 585375
642730 8208
354805 504034
686799 75656
17955 661977
258989 631598
615698 799499
200222 259326
476156 248208
522233 554818
84215 972888
374269 812728
412978 72869
700247 488785
877710 462873
439184 136470
777686 679273
209495 864613
958685 417265
767078 284186
71155 480226
888914 566281
945859 500438
592500 737831
775244 375236
525360 670856
419194 102799
714271 504322
820640 308793
142301 191281
168661 892277
359408 440276
669224 869081
916243 746965
245376 521778
255135 814054
329109 446258
532309 718535
888517 654212
613834 158820
760660 87552
195759 358682
389443 845818
842748 807770
864395 830837
620729 549990
701942 139189
704745 100473
921435 283890
389715 278276
756468 519912
593838 76434
374621 601931
365160 781068
10732 926040
458067 153241
181671 866503
809516 256733
195942 849437
873290 426211
182854 464926
818016 798037
633287 360671
784047 357800
383363 530232
833611 34005
356748 342232
588807 619137
611936 766324
988095 290430
11211 849112
671747 525610
883738 334430
583963 270325
92151 824315
245884 520577
609062 999158
679941 32226
587611 225653
503798 160132
260853 458096
497006 285932
259739 375302
494878 278295
238258 486126
454992 474046
281208 939206
476558 519419
164992 534471
619760 505093
246602 138266
380422 839575
812542 578307
591709 503536
563845 933628
218866 234931
330308 455389
594417 560622
486390 791926
381224 591287
799013 244287
675789 576243
781509 765479
874728 550320
24557 256904
878110 951346
393203 318204
610588 269259
879650 514889
439452 381411
575835 387447
622679 434968
817093 594435
739463 983230
786162 758380
458456 81927
166800 792618
993834 274238
788040 399102
17605 247022
430070 539365
26138 791967
651334 816358
917938 321984
319335 742283
560566 191520
967343 287852
549466 7958
745803 503142
510054 370497
213281 162347
684386 643370
973252 775347
457565 893254
404499 818065
906266 705239
378926 664544
637528 461233
682710 684444
815549 914138
876385 266189
415902 890827
44886 800349
619693 106771
889771 539147
494464 207195
394328 217848
364474 891396
144471 411231
848472 326060
910907 657122
518810 885840
978730 495295
941195 196363
730617 93857
646319 566909
155618 807187
248905 903559
286564 790991
477446 158130
741496 74165
887177 339055
32747 172631
96340 615417
823964 401201
952463 235287
75412 913910
73465 742397
935933 758149
278056 19858
636161 600314
449086 608397
282496 245409
81066 23416
868717 987334
387352 86359
115014 146728
565622 451042
810350 827148
996388 3629
333736 123501
489400 345705
622130 967504
783787 525635
449212 984374
236643 600106
998531 901675
755741 569838
694799 1596
883638 564100
252229 322758
259927 781158
638378 355944
847483 974679
205621 221402
983071 260228
137358 792727
867781 215494
662249 683958
815076 882692
60090 595671
947759 542774
246868 791160
21568 99524
519778 89447
380001 539596
250176 107858
232695 34883
492535 960122
81740 584499
258067 2566
276855 865954
743075 102580
48554 966675
379277 154410
602072 518822
941003 163755
927169 658586
790726 54693
888475 750707
180493 522599
958879 27382
442546 450607
483501 625746
523969 183713
985692 705305
634910 607636
407778 583531
157946 250759
750428 429107
128497 167345
982332 653899
9796 200118
822604 80123
180270 661749
114147 156383
391397 72766
21987 561382
621358 19937
763115 837814
120093 441698
881120 575853
225576 545096
505107 400771
732967 382164
764303 988939
241515 731663
174530 655832
677880 603325
28934 289597
796000 834925
399498 496300
95677 800754
253217 675135
746378 476332
94631 839509
360286 59711
447500 905109
424071 7974
545534 989646
657343 577760
60151 105343
859470 333896
507040 854322
261307 734594
240352 126467
64560 896657
300294 579774
628329 905926
609679 507430
218648 311251
159444 786322
995097 526078
185043 503155
69965 134961
916184 168432
811029 614574
166535 597106
889581 344351
540489 629628
90914 634571
936145 255089
105970 994661
37066 991801
886398 348543
234271 656255
311790 353564
882726 298386
282849 690530
747626 439275
44559 955758
936147 428878
135614 304066
630004 211977
924957 993881
940593 550873
769025 835676
705355 834220
103161 735341
3658 469442
790352 888672
737285 866284
757598 168457
770897 309431
7243 11184
338372 403618
976610 697057
660133 884682
10637 699744
845234 802343
307 114042
777676 952879
674282 315639
603139 940888
455771 983340
977850 406907
556401 316205
752375 709972
718333 57951
317769 159782
450474 813611
720406 916155
603224 609230
124288 834057
664599 752333
514100 914480
598337 996934
961999 399008
63988 562978
764268 548952
623530 765287
743182 911049
37943 64746
959655 389593
266143 117409
228099 544387
965586 434647
159444 673819
305733 153656
521306 776303
427886 383244
893743 886026
73820 371265
171180 197010
359152 234592
113724 745681
917436 725218
732987 632720
616310 565660
252362 212767
667416 213781
742514 835698
635160 992760
530609 457510
784383 874276
621478 977057
216617 521953
706262 389718
361048 530798
44249 284520
739636 539766
785380 699238
398755 135137
216435 50421
324161 51398
534163 607179
919548 634301
747145 679831
882063 624914
357091 79167
842585 466263
221145 454849
727577 78033
837406 99835
33545 226194
638857 618501
144020 85479
154139 53500
78644 653479
925036 660634
452780 484524
110967 743361
896415 656926
984638 869463
748300 670122
365851 790602
859047 45266
353445 647156
896788 844383
213243 59610
745282 513009
253232 967055
324834 546231
92499 753654
454531 958841
770201 5988
392012 452370
647978 794788
262613 176764
984453 235284
674978 384900
236816 412268
885820 679196
428352 915999
69166 269711
916769 367578
311577 10255
609410 205161
145013 729770
324225 364537
314404 680667
484910 544696
19508 252797
721247 322392
578162 901402
774416 617971
754149 187170
705588 727561
917870 120567
331228 733028
948154 809381
547907 597596
498529 49711
237684 496439
511454 983684
2456 721640
197995 754257
291040 135800
191801 461936
999883 714626
688329 20478
115348 342360
259754 333962
343292 309636
755855 735976
221743 704169
805516 47398
758037 792519
674157 686742
804088 495197
33459 579658
835853 42152
773036 490974
137953 555018
464558 529519
539105 751942
624047 411434
615046 419304
937860 643903
239003 482946
556789 668851
389420 757392
274873 429461
60621 453181
233491 216328
155460 983550
252872 726015
635412 885021
384763 687240
352295 789904
202087 19711
154903 324935
950969 483043
365337 635269
59656 202565
908358 619174
559666 232028
391303 719103
150676 734454
365405 2914
48869 968841
307531 398016
795311 852264
114976 701865
971436 285201
859044 849264
595897 363171
844127 178794
694521 809836
458497 467733
979017 596257
490289 862228
400859 951847
599093 86360
156465 673357
657914 665627
883512 192797
536129 889286
798783 776648
275942 106099
604050 235710
362830 319180
523447 672863
933357 844114
935620 600523
477682 273850
223899 63253
235343 442354
55428 489239
126504 540545
653157 742943
533335 466572
640992 537479
574938 271476
492297 243811
176474 183837
941123 814867
133208 949642
217846 652855
175094 594020
760366 924610
350368 821274
575955 271592
831189 452001
48065 499761
166102 271324
480132 239599
359337 32216
963505 302412
883658 504558
502819 378173
474223 202892
889425 175571
586679 504141
941257 472752
572718 620355
298635 125846
855679 674007
396548 367131
405239 276232
642790 50489
124594 558415
572832 397122
678820 94563
18879 835760
826502 968152
214113 409306
66138 232739
565329 868995
636189 123512
822084 349581
218185 170772
985839 222795
298500 920407
744771 909812
946216 1225
334982 975858
233008 65533
327631 815450
339707 212818
865310 921591
731776 948374
533782 960191
501775 162566
978455 986599
353728 887345
826684 62610
760378 453947
593454 816357
837473 174460
323619 334902
402845 862856
871223 594146
988036 973898
161445 529725
897379 781257
939426 577700
698286 719821
548694 927599
944641 663002
532279 533699
753234 569499
764036 593860
533366 505690
417308 82535
659660 402860
669113 786085
619722 771498
506060 559115
970146 827929
884021 206766
