596595 664842
614578 20588
569924 450367
830467 50340
599857 923208
415236 671053
551860 413205
942142 477643
883762 212299
319625 240160
678586 174350
535379 350416
371856 221877
971894 336766
966115 649276
477825 243204
810977 144765
54333 624788
176888 238254
983936 349448
924383 624448
733971 786397
646608 7702
261529 234560
382750 139133
641986 720405
253026 14245
126282 631429
721573 919357
537846 654397
865791 347932
975864 35489
337335 911013
888895 840742
774205 127784
601592 718715
336298 644302
142386 751186
331330 530337
469836 19264
158174 718110
195776 723763
33726 424513
252415 373082
589399 44154
255190 660516
540325 284777
257319 510676
18795 650208
823595 834121
968484 932209
816752 312706
399021 28316
6904 781453
106246 737198
973876 884705
808461 343691
143578 588707
521606 919788
945660 831156
324836 927629
408503 284597
765901 221464
265578 670945
257673 20850
351274 776637
114345 278156
381240 813622
525386 75068
713054 365267
440835 714017
87445 962964
505792 956592
719200 764043
39434 942096
363931 664211
452584 158604
445531 736472
857687 903102
516986 898300
599191 27032
879282 956167
342612 808786
734076 336253
663512 85228
232214 978158
19995 130546
438774 623530
440181 951781
980963 967524
921044 302260
983892 254878
897147 537788
820164 626173
911187 560432
823174 224656
682732 594058
22622 512302
623276 246430
169814 308616
160627 235956
840789 866152
729997 789309
149265 165662
488794 450167
115533 70907
645489 633267
610483 555247
791796 776617
852597 881409
812177 783949
545265 612060
699449 750709
697001 682929
424833 397323
334014 364910
849923 779271
636135 712596
178149 232499
110322 179294
625221 581985
203912 149433
291287 266377
25815 99639
733531 773593
44459 96057
678465 673004
183843 174761
496676 537980
613544 608162
220091 264640
970749 910921
224118 300757
924704 950865
882811 845294
767696 754840
351122 371408
167235 206991
427057 379833
633387 658900
173012 176235
119364 51506
331873 428129
136588 62618
675938 719791
673056 627593
4130 99681
567430 551002
63131 104259
742706 832442
833021 910925
107139 119138
501655 405995
641360 608905
487526 432328
292219 253065
347087 379257
759848 821975
817260 837576
285583 379719
318250 233949
197219 158291
801627 792884
715279 680377
82254 168832
214603 176632
613558 604807
626857 537620
761577 837798
898916 917280
733976 657598
8100 27448
438010 503541
779605 776027
467684 426698
910208 824433
456061 420171
559339 460056
386091 448987
479015 411158
464083 423903
323076 301790
644655 712450
28383 67823
807506 743962
713398 812843
705522 714936
596094 675547
338085 424096
737933 756519
804039 827325
144883 102166
67360 149925
697360 770423
923926 901239
61767 87639
341406 404583
164108 186502
678641 767833
813081 907094
609949 677594
336922 319809
37708 64190
428434 338043
987789 913112
458551 375672
26481 103141
839277 752883
263926 300426
171588 87143
214033 193338
901991 965401
540415 542360
896159 952405
541462 533755
549108 559460
350355 337724
73268 153727
963449 967538
745313 710489
218709 143308
552421 582878
147877 213947
838052 812938
889046 802492
752139 732687
491372 452098
894608 962679
817842 732159
382819 448179
737911 639704
123262 150811
836893 879528
411034 312902
279629 206065
264419 266668
837470 906916
707562 784475
633677 543272
914228 954745
661199 733239
559245 486934
629348 679274
917542 947274
656410 669727
499489 593734
105511 96409
766483 743282
435959 497050
844956 872328
852855 877899
128828 189228
83729 154791
503170 541900
648737 636658
12334 28972
337255 367350
77849 115873
598485 605000
721360 750540
170399 176322
561327 531925
936847 865519
580279 558724
43974 123722
845341 749157
451253 354054
313960 317602
846261 880961
218753 227465
802723 706397
29613 8899
905057 806917
517369 588609
345424 281003
439245 374048
313604 353671
311673 245632
552557 555557
778043 847799
917045 999346
639672 686762
384023 358264
767062 738424
376510 279848
34983 48664
866107 804374
595455 625062
840784 747521
980430 997572
612837 519013
604798 602133
88291 56160
531702 561083
421635 428637
441515 403996
968803 898706
575786 598043
274593 212848
633831 638432
346932 300631
597556 513363
329789 252534
711986 612534
130657 148477
754616 745642
354368 439037
730767 700254
348137 314928
560943 573631
751501 823109
241544 166090
41067 86968
703438 756390
747909 788954
451492 416553
469499 460014
624034 668253
284345 260473
218159 129790
29992 26545
176495 261871
17804 29736
846554 854500
671988 636163
875360 931976
761833 686256
968769 888108
904706 976442
474755 567974
369249 280026
268650 233943
745690 673041
679900 683075
149706 195438
17427 103344
86212 69335
569225 541074
99024 169867
869373 828514
812504 763538
557146 549918
289507 216625
553506 605646
107316 105361
622588 522612
804475 780627
747815 769432
616705 648424
136688 188644
500495 557782
419943 433528
492742 547069
591886 569168
112560 174804
7208 102905
745263 765849
901841 964818
859965 800137
795724 870044
320355 266609
727856 629756
101261 155891
180342 174096
822273 863534
110498 36139
379610 293205
446635 506478
812330 886428
59483 131904
93560 139636
188192 259967
962198 913203
840548 750255
110590 195573
333970 271081
595987 588831
634809 683181
486363 539625
723111 717792
612697 595616
710594 654582
59383 23792
595547 644456
850244 926664
197586 228836
652131 664529
316281 365687
704308 719987
569026 640215
842188 863109
618832 590977
81898 115851
149850 145596
822965 908630
482269 428628
657730 683450
5716 15634
735527 803768
533573 448307
90031 51106
595156 693875
721629 807691
527717 576395
256875 348247
186803 126719
115630 45061
385715 421978
165586 185344
554681 487205
395101 402985
352604 365768
836664 780938
23447 111801
585635 529095
888907 875321
663215 608739
163339 171751
892726 880400
323041 398287
156987 68508
169537 76819
935570 919412
546398 455332
326795 324636
480834 563960
557581 498808
901934 972024
839753 825026
329206 329538
674198 649120
898666 916387
625251 620711
304966 355863
38264 17838
259646 273562
930618 922125
428969 464754
916534 845533
640193 631517
395664 387544
497741 533198
139448 200048
764025 793621
248040 153128
361743 274684
723318 760490
737184 650680
482178 386444
743982 751381
343729 359776
633980 658650
748719 741817
152699 241511
93484 31349
657016 635795
828367 821181
380414 420912
207552 166152
908745 982943
274516 214304
211764 114081
78315 82374
167911 144256
663516 680134
601303 530092
305054 246736
192738 230374
323996 355862
213265 160849
710715 745622
172214 148121
742857 661898
608255 566401
807108 872680
168378 87979
597035 682029
107125 36222
446753 353186
210330 304846
661865 580974
44039 12045
835227 878765
429233 434565
923520 965229
246717 176697
15714 41873
692477 688868
837164 803613
408219 471207
479759 404272
664483 566582
748087 683860
239977 311087
201922 142576
595544 596007
524533 440318
416418 465819
799612 830496
36716 28017
969993 970895
191665 117378
272737 279271
282832 276692
150361 238379
988531 959239
861122 918128
111410 15411
545910 470004
259251 342042
217701 241725
845309 825699
899266 857930
229816 214359
811930 753117
700558 791639
645774 547362
725780 780990
623290 722052
961192 963619
482744 447779
254198 235818
490116 513564
487231 579327
995936 986277
920549 888134
74576 26525
254990 231440
512702 459355
13594 57000
319397 402930
811534 764750
12400 10869
711449 734469
123650 92864
19387 119281
642510 729712
435201 433948
526830 485583
671541 577261
652963 556343
207445 294954
181324 133885
792808 832200
72408 99722
738048 737768
15187 15000
633600 692166
493478 506010
508774 516725
974656 965153
270015 270176
274965 223179
654300 702704
444879 542340
258838 275668
165923 113250
642915 728023
251980 166274
787083 830731
273991 242828
512242 490862
227816 130778
516236 564505
220756 276381
503094 572136
566457 537517
534344 462482
72970 113753
779493 807655
391373 306026
914799 981950
880047 940218
115469 105750
250398 186476
577997 553329
182928 104962
179257 264143
709392 799126
47448 71546
68647 114429
260631 311750
913901 990016
608623 704863
472671 402947
539454 597825
413750 464969
88575 161883
521257 612068
18819 41981
48690 26931
22181 61278
300814 248928
494001 585570
505882 455361
885827 839216
961468 883561
575879 503184
552779 470430
38246 57149
745769 735838
591170 649923
586708 616806
492770 549588
42161 57478
126656 226292
619223 630310
89043 61667
140142 215046
960866 995854
292519 221519
397100 340337
509515 571362
511522 570821
323515 374379
434280 462033
780045 733935
451552 417640
822068 863950
226478 325178
898964 967259
239702 230378
337980 381747
359129 416923
356404 393980
259089 226509
503433 569079
104234 101956
619421 702021
335410 331245
538879 496922
426225 396880
188836 281992
671242 742164
479664 395120
396443 326775
564612 496796
413490 387835
698145 710439
869525 785087
387415 385791
585008 555959
955294 955788
599714 514329
341474 285705
725104 740841
235914 247747
592544 636548
865522 804597
956608 971693
524057 622677
167998 234359
176144 225333
425956 430525
340153 356555
698439 648431
252993 289296
869585 908793
778675 852838
346176 421250
643589 736418
608539 635821
545400 474912
852612 820212
369574 437912
71510 132383
528006 549766
811349 712208
170425 223473
711045 793500
678068 587310
325820 241214
625210 609699
642140 621200
112248 46483
826178 736746
708756 630096
51941 74438
239749 163427
180783 239275
294196 388427
621144 715726
867576 964173
66196 12168
506548 414844
547761 505319
451789 473764
406654 391479
154317 203045
213958 155107
463666 434333
80702 77227
556809 645616
163058 76346
356936 279460
434944 352417
440393 458354
516881 449697
912635 981973
364360 390460
370206 452209
357944 326481
534995 462509
818488 881101
666050 764037
781696 836883
839804 755330
637300 639804
124210 137825
476262 465939
402703 449152
806460 794908
853768 864661
362262 410596
89027 11602
392217 347859
285128 380215
731160 651037
781802 879950
661657 717212
565731 608225
619666 686778
20155 63377
928184 853418
45755 3765
301322 335913
598257 516770
438041 522911
597569 685124
808845 859002
649612 611810
823361 788966
468614 505378
136215 89363
939758 960879
774975 721611
364361 275587
945909 989376
777754 854851
639206 734498
113114 181256
709286 628088
203973 127892
638957 626650
259009 354935
344294 317263
200968 144538
859699 897251
121176 129845
385822 302573
418583 359901
479308 391927
842170 869690
512127 584291
264657 319519
746028 778038
197150 116025
744412 769737
934816 844955
232519 316759
775386 793145
145420 96145
683255 687368
737543 752633
648676 711156
296838 361199
836912 903659
575419 674489
110371 81364
105409 145341
791027 867932
476041 390024
642610 627621
650817 702818
233842 143966
370319 361047
194732 204114
576336 526805
508435 512813
258056 309664
128785 31924
791176 695538
54184 144310
527942 469868
394732 301727
962199 931991
678162 590386
601097 647355
289728 338928
135292 120314
359798 277557
750971 657976
61074 66188
246410 331450
53037 58764
260750 264326
397407 298380
627591 643290
341077 284382
925710 839534
312629 278688
523530 610818
427739 371535
755481 823781
736018 715179
414854 351131
559461 525219
771207 861651
793186 889201
243756 291398
611614 614719
474464 377006
361708 276530
717342 617481
641850 636823
250105 333212
535820 531530
394484 321347
301996 240168
291194 365833
777626 821505
493145 418145
248198 337421
709919 778299
103310 136574
172312 85271
111562 45712
800576 833858
394391 434855
101904 97811
879025 857599
186212 134582
632692 650529
939067 920231
796007 727319
866234 960427
356483 377158
252228 255846
635897 707391
757612 850694
415870 332793
655086 561930
74506 107912
889635 859885
335301 415114
901738 972260
443003 511574
72111 144763
514060 500196
44966 121591
936827 881385
662597 627449
843636 871384
592203 551612
516216 612021
932240 900062
148989 99513
611229 596084
336045 375756
98661 198505
610910 620367
575423 641851
211545 308167
727855 722491
153954 197762
880872 813725
576772 486672
716565 799792
578643 524092
359021 320554
458105 531308
711236 780996
851921 828258
843261 799496
185585 97533
394967 318231
259090 356430
849167 860564
283754 299931
275721 286521
375314 287146
658109 664301
40485 50078
523827 447504
233850 275684
899619 974814
888924 978046
134115 221945
722204 689647
828589 910905
483099 568475
876958 895314
55761 71159
62137 9640
822309 750665
380351 305448
24432 786
655285 604970
612593 700180
993046 979730
169320 99598
504776 469468
514559 551385
205968 147439
309133 271395
831638 900916
449286 466348
833080 744655
687382 699381
385748 447358
488736 483013
751920 789151
829912 851155
250700 245220
488279 433819
928190 995100
619754 681158
233959 324047
537464 466561
706390 701202
584016 613251
361622 437650
565869 584821
498996 551068
759559 689466
859570 911731
381086 340878
415761 458077
625717 642020
275741 318637
353468 289036
700424 649289
880882 945592
746275 727215
644126 741111
944307 845889
205045 124970
704277 725278
629469 589092
456548 500905
779408 833342
343406 402917
394830 436564
867387 828086
741235 800901
543354 564258
878808 976049
19320 74767
82775 110256
417614 478701
20752 7776
759618 669303
802781 714652
195833 105425
96997 89289
915834 940116
363331 325928
748824 782355
735410 645170
60988 44989
119464 37327
89048 30182
459351 500216
838787 770102
463792 438519
143166 137100
806547 859692
854570 912704
563184 534481
512010 576538
814043 911506
285184 185468
510736 571173
547304 596639
250239 257602
453749 512975
661581 625964
647292 624987
724737 793514
326288 301685
247047 319730
559452 548059
789107 886705
306460 277981
796783 773588
420662 477942
803711 789462
614923 635220
383090 334047
953228 936055
665207 684718
665081 705509
437928 367503
371981 319975
699978 741713
579489 503814
229490 239522
689483 687728
345702 383766
828626 729110
