226360 38999
571773 170719
384607 2227
169653 564830
738043 145146
345048 456040
499343 78958
868516 674005
860850 817922
45148 560296
810996 9703
986460 175472
150555 977456
150250 499000
935006 7317
456802 68367
353555 641744
282752 39291
743646 279210
73500 429589
82512 512973
230406 200566
974948 489750
19173 8332
742241 677211
460596 145381
205562 915687
756426 432674
896598 684531
273292 70082
897705 898454
624590 612653
669291 164665
793682 864927
89148 562583
678167 408519
71411 497507
687469 456997
357642 953487
744150 231456
792434 635062
294323 537993
760809 990227
625577 628529
471091 149826
653887 456962
418158 922006
859808 447906
533110 410959
383148 53826
296784 756298
601016 377622
463457 226584
333014 316373
376943 570419
419050 45607
876736 68946
995716 455247
233219 179987
4371 356385
674998 612972
391488 380954
858087 628190
951161 471266
989862 219247
936511 68288
323708 399467
825613 226718
734183 672640
676311 869589
91112 5853
849067 314080
110761 752285
720319 388563
88525 792558
436317 787161
216839 48227
245574 86089
497443 383228
747516 282586
398463 252800
720424 366609
817270 770396
596111 584430
632973 730208
871538 557566
435726 714868
295452 843040
168127 863475
703910 845200
384405 639069
387632 287159
347576 791504
652426 518574
712736 307547
642212 790556
976653 471110
762264 600921
857567 62210
94510 276293
221951 92319
731826 79441
639421 740053
82357 665751
652126 945261
620049 693190
520051 572035
793611 290183
505826 828709
867593 377911
425607 785842
499785 110172
448881 479133
704526 716497
856593 700027
279131 348721
600613 418827
187348 245796
91364 696262
615206 579210
465876 441628
852440 257424
103371 230116
860880 424983
365621 21172
96837 898909
741036 111235
539853 17843
639182 479787
336056 740324
116766 684849
832511 422864
8054 232551
526542 479102
769240 629226
980973 859656
76528 617137
728658 313996
20779 918610
297811 35611
316384 856822
915819 338272
737833 879028
781631 982658
192142 40775
839314 574894
128186 540287
930048 379657
994109 267381
425126 375789
103299 72989
808714 526869
303807 490243
78866 640305
382788 870983
516349 242758
832447 617882
590181 841261
595573 759964
384835 805440
354435 439724
641474 8849
451733 88439
851958 565918
532155 772220
753766 239237
878177 379934
239224 350880
25070 513142
549836 444425
500391 859896
892620 129348
264728 412660
316976 205196
138874 931936
825018 877532
34906 730313
608188 986412
653743 169466
848757 543846
935091 256417
766096 886894
746698 622268
208884 651907
304535 661950
482518 953122
741382 889553
728715 320953
3641 842650
594399 31840
910735 288408
16253 598288
98128 371423
600023 635167
37405 354986
782120 378857
466647 151829
689210 310519
688058 502443
796584 106310
455388 570613
350610 686311
280775 507841
599474 296699
629801 306808
848889 403791
858723 33352
501092 373880
304490 670989
702308 267679
840810 344377
214256 33098
375553 334120
198338 309915
348079 583641
9959 480241
400449 181212
192598 372790
925247 639074
477630 68566
185336 3912
385608 593280
250690 54626
135818 773883
976593 747733
834294 894775
317407 254521
999815 247056
697852 467825
902285 946127
160011 52940
778615 384727
860632 334112
187579 841814
298720 952401
75044 70507
780129 499147
10278 990646
87463 716347
222283 104582
384246 300910
382611 563869
456561 255779
758980 110781
214155 611828
443788 785979
364077 143754
328752 928070
142268 371193
963479 925749
801276 949473
419277 137961
642895 394419
412790 602787
782945 861769
590394 123302
907608 58709
225172 412733
637379 761101
657757 252291
471540 814060
579992 555698
24508 252661
257295 187922
647325 167093
286630 918942
572070 942865
647701 734163
533205 404288
361606 713238
288152 907929
807224 740695
159520 400463
595124 573970
701162 523764
845847 311646
326878 81789
625866 566647
443791 989506
175005 369456
643257 10243
647142 23831
128060 222521
849525 558471
688845 403412
788603 944248
337854 431232
718395 923063
717534 293798
969365 474533
79621 993333
939503 515048
916669 220190
342847 317207
285284 755645
669950 90378
991859 563037
349999 903535
486520 556823
107985 875908
421024 118246
473887 273747
101486 809565
854771 681772
771696 860389
569826 245284
213375 4725
727564 573481
99172 381019
13645 351634
504127 680233
902447 105028
707042 578575
761050 403019
350235 978909
433927 637965
667703 470588
602146 983195
153122 513883
721620 101430
109592 649631
168316 134871
124057 292144
215134 942554
433459 709968
255659 310266
306951 507789
317957 500648
709763 819040
910643 666223
943705 771577
236299 35557
851674 813526
676761 635534
877220 897846
254459 175346
163655 82815
957654 101387
799161 638936
300501 636226
971713 887209
103511 7794
361836 980028
287763 175042
138735 332963
950180 507886
123929 605961
19789 612267
299733 691035
549976 594335
255496 180782
171950 484765
765400 238354
466758 523900
658949 772703
699829 389407
12768 149353
142008 835483
443065 515475
681764 553472
717181 808115
379485 37918
958306 828138
60770 271054
580243 813218
471775 857755
695676 848910
411590 430140
401597 988358
241317 112008
408506 723231
661769 453937
985964 771226
498044 315968
277132 775021
557496 25660
301421 380033
2729 890884
197404 435275
61211 689135
128124 826596
275032 415759
61727 528348
471768 855517
288649 814005
782327 656996
158131 50824
547755 585163
928926 789884
78434 897730
519565 556433
122466 131442
367980 278495
625166 113174
312753 541809
123243 127297
594438 923660
106265 138288
524772 980064
634113 828320
27642 167650
8584 874489
808600 144128
917319 963446
281209 98775
892043 719990
197328 683809
932316 212645
68443 738505
640199 983915
59989 592918
571005 670874
453606 772215
95220 39333
789314 972514
220653 410290
601238 296772
33074 448902
83435 486134
769330 475190
997188 623283
610474 549173
714008 177526
833447 473366
134473 745737
455224 425159
73811 65915
694012 311098
681754 339322
979365 693221
756184 174059
814655 896069
610070 11324
396218 760095
634703 56963
285320 93734
193667 297561
936120 594403
13290 379173
309602 123193
559840 895190
337761 906860
265877 416844
712067 995238
327132 773441
628223 677325
76015 804054
724141 680233
814759 17913
593090 848260
904504 400623
743930 394209
402628 226990
96920 221000
660301 1039
326218 746581
117885 535282
739933 215785
58126 297626
294121 882288
792101 78137
105579 804147
580190 850680
825085 416481
728962 975281
717705 845499
483503 819169
244522 221035
257007 207158
338202 323835
689449 452780
938618 801195
521707 483781
334974 750661
551345 663363
881458 998701
692526 765515
521818 791604
704382 871914
985810 298364
992437 109634
41202 569029
423026 219713
158074 382913
355917 316861
39377 856290
610933 315650
443316 353687
604190 881089
85147 715537
128870 850291
672538 639488
648362 61697
827979 143839
987502 710737
468266 114372
880641 931037
168794 616654
707404 30411
450755 923313
227738 202366
765813 784935
186962 72197
34790 798742
229343 418240
73051 15774
618447 990645
629269 645667
16402 291276
765024 953356
482225 639316
743102 599479
40066 843722
948646 402728
601649 651142
628599 509815
638208 829110
82868 514514
533392 776350
780870 785973
548729 61799
913475 250523
133158 416217
282798 354094
926221 719355
59427 242706
222998 990353
560678 281143
773775 105159
869860 302094
421024 100711
506084 148121
701715 341910
527682 692257
639929 19766
159485 575955
736338 909817
480330 750693
595301 379387
748239 401275
647171 866343
251535 235826
298402 395613
483759 458938
34335 973361
539904 583897
348658 447859
590770 151308
900157 844268
978400 103632
682033 374998
468647 54273
950117 431897
654233 971896
241479 447073
850711 537007
296362 384642
16966 706033
419926 241933
664025 458178
250727 121538
275482 354648
4484 265708
598611 389024
618370 641501
655495 306302
97074 915175
488226 796708
449453 956984
827914 240150
932213 146205
387102 705233
911122 125762
206444 911284
809844 483050
915248 196659
23054 705075
885220 971184
311288 183011
410792 128812
371041 374930
404703 518228
50314 786723
637187 473593
601223 477482
643303 191723
74286 869511
371349 846706
288511 935071
55779 698526
5417 77781
55418 294922
316508 106631
55214 927918
553713 779569
982361 403525
268444 575256
143499 572279
813594 651791
948985 138272
927689 984211
697825 323157
368758 571606
345082 673224
3945 70209
59267 511072
139958 790316
475754 475068
94937 904898
763418 493514
241164 279396
673560 75807
652571 693716
831112 398878
558933 176120
632199 404416
48024 37792
339299 535159
309050 998824
503486 729356
601650 730995
922152 900813
240727 595576
273028 303401
255952 449849
812050 620342
162919 939542
4995 308405
312390 869924
984864 813860
73399 350442
411783 455562
265186 140989
942158 348520
235255 895922
663275 867049
764172 628776
934275 79245
693196 117530
991299 473829
853709 20226
62426 228933
951430 180623
43327 710791
529111 678417
507227 948666
649324 74209
685944 315563
5034 31380
411724 478179
684987 408955
385209 900438
456561 186094
917652 395117
263876 512834
624682 578301
304654 129715
89819 428772
655676 925739
923072 21326
475117 203108
981059 293103
266257 395911
486308 532984
384197 631094
181814 299303
849112 182999
721478 973093
293338 64486
570049 985906
804207 257813
72209 324253
817354 364792
676183 572669
537069 180570
640960 66433
681017 784281
911818 556013
286201 156767
167343 263925
425590 786851
862678 599172
413029 877098
12111 928703
130890 575857
128143 217002
540249 370204
468942 70015
245392 589602
451695 60667
538401 335264
522781 775289
269275 955839
558395 195450
700835 495983
89519 458747
967218 410705
649831 853306
325758 914362
395363 782397
586595 830168
345077 722572
935297 379172
320399 371081
564181 240215
179067 139312
345888 999557
945952 342678
797187 758315
804766 700056
502780 884876
139806 77202
915303 917055
497038 870899
397376 337240
141229 796563
11093 660878
139983 260579
394062 869117
472928 790541
890933 536060
599749 694662
446400 744040
5721 363999
284941 688854
474575 547182
140782 449672
567900 487613
858252 727638
537787 391867
948465 216170
455674 326026
815517 574944
483343 223900
746384 3519
138261 211037
672041 2242
820329 683970
422261 843363
174390 105516
886437 8273
299887 968441
517392 553391
463571 861271
413362 384982
612033 455035
870314 855679
392624 726640
365347 627948
264801 927508
125993 499044
156584 813811
720320 410885
788947 510658
919095 143451
179230 593738
420766 124119
717488 115885
664195 193565
714454 735068
236057 516176
603305 339719
272650 617964
497041 487546
621699 173877
345222 41203
636662 930765
361556 881379
653475 670329
148895 3530
744161 440865
994067 700969
732684 62163
553930 177966
451014 149276
93003 495731
166461 376321
68066 439059
270568 220161
794622 347441
773704 884948
383909 112405
507203 527198
452057 264080
628204 938385
656705 702021
774124 340214
753920 721319
318473 410839
999472 483504
869693 866045
187993 984338
733040 606241
118739 759068
979295 87232
696529 244404
973024 728741
477345 960966
970606 281851
313083 31409
747022 160772
901845 652173
905208 928737
98410 671465
175485 6166
974879 873611
389165 723796
899633 694208
128807 357616
335901 972117
855479 604316
320264 832494
648211 150681
29127 626785
116959 582561
621001 267235
726493 326740
402949 713565
43032 379180
501715 331413
677978 692410
573964 888061
218027 628037
886549 102691
543724 951168
688902 716385
488556 202502
380895 90906
706355 906504
975198 486900
163152 778708
749133 10906
545246 848694
123223 100432
667113 269432
752220 192212
830901 620297
496356 681751
1971 514282
503540 419400
760167 979807
46361 368865
365437 524370
416834 299879
480632 739186
247850 602248
175556 629865
866106 308643
670521 313868
965347 65777
777865 433625
391601 558738
486288 748537
33026 428206
354409 287390
767867 306754
368579 798201
492010 902437
938727 227633
785998 703143
795972 553294
590221 459053
490234 211676
714597 637620
509806 477645
833656 657631
890844 847051
329420 638068
387407 981674
426101 881331
642191 98764
186471 985564
907523 178490
936747 914149
97949 431953
766220 279874
664130 276826
348251 591283
74727 185813
145916 287530
952198 53420
367835 975786
411241 766298
242768 86043
364720 542221
25622 612174
348035 390717
322375 525705
137826 597700
761418 601455
43838 262174
114991 804131
873334 962085
148514 942745
484826 192633
448297 126286
558020 802560
836148 740764
404634 343496
337825 630007
179571 499960
247831 534946
816190 36994
461893 512083
573903 248934
236417 548054
634812 782528
686871 413920
378341 513615
761906 125581
529364 253717
888668 684115
760377 77096
582503 763754
772394 548058
811933 588826
806820 709690
37821 402856
281465 46549
970161 544392
411020 715456
537456 395253
827016 659919
239998 318477
176462 709399
179018 686216
445914 190060
604436 377106
536977 887268
313637 199249
588359 470181
962261 760083
669702 87051
4984 561828
635467 550588
158783 783225
780519 312969
494700 923018
265331 61736
721079 758453
995122 213155
859642 821598
56909 884013
911475 395883
527428 416452
188596 915739
432401 333103
85612 968954
657561 922320
977763 207624
112886 277230
285992 857790
893681 861602
393861 237658
459469 102904
984689 930368
985164 999925
53631 275566
292814 678462
633696 719552
62124 898845
240198 464931
802072 496706
131079 221371
817015 393191
911940 786468
528207 309393
393575 214565
49385 781087
627025 971689
638084 875831
462018 854404
63596 169013
988682 7220
722615 609254
417909 278077
514650 884237
583405 792935
583594 345314
871777 900518
563226 109969
495909 385980
12682 481773
237805 337573
597197 274729
463184 66916
945736 222437
405189 136479
538920 838716
252643 775869
602422 995029
760192 982913
95676 90775
56562 963366
17817 607428
416396 685029
367027 223052
71267 172716
968888 934280
204285 35688
