1 6
2 7
3 8
4 9
5 10
6 11
7 12
8 13
9 14
10 15
11 16
12 17
13 18
14 19
15 20
16 21
17 22
18 23
19 24
20 25
21 26
22 27
23 28
24 29
25 30
26 31
27 32
28 33
29 34
30 35
31 36
32 37
33 38
34 39
35 40
36 41
37 42
38 43
39 44
40 45
41 46
42 47
43 48
44 49
45 50
46 51
47 52
48 53
49 54
50 55
51 56
52 57
53 58
54 59
55 60
56 61
57 62
58 63
59 64
60 65
61 66
62 67
63 68
64 69
65 70
66 71
67 72
68 73
69 74
70 75
71 76
72 77
73 78
74 79
75 80
76 81
77 82
78 83
79 84
80 85
81 86
82 87
83 88
84 89
85 90
86 91
87 92
88 93
89 94
50398 45367
69987 5699
19321 48766
31725 64715
26716 94613
22763 14519
31227 63990
15674 73678
80418 82483
98514 83323
47253 49810
15836 65309
41796 37971
51644 14552
31539 38411
51334 52266
74185 46146
99361 9805
25128 89693
24221 26832
48024 87476
3379 30382
39294 48392
50616 49803
99028 52066
26045 17553
3261 85343
55559 97171
81961 69568
48858 71634
98157 58623
82486 60600
85483 92487
61771 21081
2114 53810
90197 18881
30688 45692
80170 48042
17594 14294
10306 71878
36188 8187
23119 75226
51373 52321
16362 55910
96001 24528
91210 60409
70028 39399
12191 40084
82973 52752
15307 89567
59343 10709
81482 36785
60127 43270
8473 7338
74767 82309
53230 46352
55050 8923
42537 74442
81820 72260
28376 95891
28349 90218
88077 95636
50352 37133
81836 25267
46172 41756
1936 18962
84567 83972
1075 19497
48936 65953
38587 61797
33557 63253
965 45333
1993 91181
59162 56860
82736 11716
96005 78446
46701 52331
39648 81028
53169 92359
3974 15276
59081 92740
33041 52793
2942 29608
45749 30442
94901 65968
58675 58211
60416 34080
51 91829
62240 85449
85075 36054
29025 7386
19427 22379
24609 77648
24666 8359
11865 90443
25369 35967
71508 7678
15955 97765
88277 74331
96169 25129
83977 52698
62724 88727
64598 29555
3401 92535
23622 96185
15440 27317
58069 93256
67067 4188
71334 10822
17706 13775
56552 84487
85469 185
36534 89193
70 23332
27324 95110
53817 28696
49308 69928
84807 94055
25596 28182
15328 70472
36156 92125
68563 45538
77781 26907
90248 94717
65338 93047
74822 39269
85687 55257
1772 32573
29930 43100
15122 60315
15890 56367
63232 71772
15706 87930
66818 90727
88 95
89 96
90 97
91 98
92 99
93 100
94 101
95 102
96 103
97 104
98 105
99 106
100 107
1 9
2 10
3 11
4 12
5 13
6 14
7 15
8 16
9 17
10 18
11 19
12 20
13 21
14 22
15 23
16 24
17 25
18 26
19 27
20 28
21 29
14598 87575
70301 31910
84571 83017
63088 7230
79841 64967
92018 95323
89511 61329
70036 82613
98044 2347
72183 66265
9017 11794
83336 69426
2053 72585
92850 35247
10876 61222
52006 71609
89017 43173
86126 29668
20292 68694
24687 35971
37846 6690
73611 75573
28233 39710
46373 56576
16532 13870
10359 12369
91760 77116
6281 2554
36514 42323
98886 16700
54635 8963
2798 24437
40244 59845
57563 32440
31485 95244
58734 33295
34041 64009
68449 66345
60584 24143
59272 57940
1011 99338
92268 93376
39022 64018
96014 68425
48511 69892
22626 22057
9605 39755
83480 8818
61059 78464
57996 98456
71240 51459
69158 8907
43057 33831
98153 77470
33915 49653
84875 43016
45863 74647
21889 62074
35546 24189
85825 74524
80951 62566
74766 5027
81042 54050
93943 66987
24849 98049
89565 83285
53874 2020
4652 56874
22451 10077
77750 92907
87264 21893
30148 69024
93040 65623
67924 71800
65779 76463
38406 13787
38009 36225
26685 38894
58709 41972
5043 34629
40731 47387
78645 41662
64017 99019
24917 76641
37456 21808
45629 28917
65999 81107
32020 19895
23328 9526
50107 12837
80959 70105
49774 67054
39764 77118
74962 53005
83277 92786
39198 91877
68442 3936
40467 85959
69200 84493
29773 44443
33003 6127
50133 36377
27483 44606
6920 69963
82360 78827
69637 80454
44720 14097
91091 30934
99100 13397
37545 88414
78748 57879
76359 27196
42993 9975
62878 51292
85969 33981
1183 85103
3002 65839
42798 97241
87746 77761
697 35553
91413 77252
33766 24583
7209 22452
38376 21040
70871 46410
31552 22656
885 17264
35383 64165
59092 36033
59246 17271
49510 91084
8151 94216
6893 61880
28218 65137
59180 43512
88936 64449
92953 58089
24520 31141
57718 25539
40098 630
23338 91762
82720 13666
51668 99596
80792 1149
65329 41582
40501 36392
36791 43052
24519 60736
83461 90515
20572 102
29245 80393
77665 13265
80961 14761
61560 84992
5834 97421
72673 84626
81863 80144
16487 12835
9752 5704
4922 13856
18126 82986
56317 19067
93217 87382
9650 39943
11917 95290
56770 47463
30197 59071
54445 62698
66013 93663
9188 64546
41107 49213
33840 69036
94873 67925
80718 97213
26955 85638
35465 70788
45458 18728
55441 25297
12807 39434
2007 26805
70245 63765
16259 10858
49820 67403
39863 20672
25136 79268
77490 18001
21226 38456
23933 35757
72094 7509
50077 70845
40751 19234
18402 11585
70337 61897
15153 12981
21876 31055
75621 79728
40815 59003
97451 69391
33188 74003
89403 63383
86419 1498
67624 71230
38718 44501
65047 82773
45039 27461
62031 85254
52785 50191
26321 38257
44056 29936
89874 92874
16246 50232
9442 44702
13256 35824
809 88940
25429 20335
95719 64215
98394 15356
11241 17299
16158 59913
8084 29743
99773 72394
34498 29060
23398 23667
42132 69305
39208 41667
28911 40177
1961 71746
19592 29830
34608 91830
68562 77590
5517 91311
41287 60571
34190 2833
54056 37633
79898 47892
77702 48979
31940 52627
15137 36744
32177 77389
68174 6735
52463 11571
13342 12772
89522 28855
4505 80256
56721 3191
31064 35223
61070 14410
51459 8570
80438 47069
33550 4821
62309 15705
5146 71814
74052 53604
12279 66548
54506 36279
10703 65964
67118 91336
62046 26097
91642 75979
52950 3477
30940 95203
9793 47233
54165 37312
97898 75654
60958 28788
823 17061
82542 54137
98973 20366
45047 55080
57494 97518
4148 60593
89779 18614
25403 8679
56870 34663
74507 92416
64956 95046
36 97602
26997 72396
28179 34047
2412 21078
45193 94997
36578 14245
55798 92958
3668 14681
72115 10074
49803 95688
91832 97583
24542 98195
60562 53420
36937 70207
12562 77059
35621 14672
37417 34649
71967 74868
5627 89663
91172 14285
91429 49949
11250 25688
81121 22402
96147 5280
34783 33587
31534 99406
617834 640566
305332 665964
302524 486724
812304 978394
524216 877880
294588 311149
264359 505009
657134 844735
646374 760560
864934 936369
977838 996744
473095 994167
943142 961978
405101 863893
253603 824711
809338 842295
201783 750035
482142 716282
624573 753092
230381 616385
96260 983625
519431 531808
754309 883939
618272 876252
886321 999816
810226 847388
641440 724878
531000 637097
650384 825090
997364 999609
62729 585941
836818 942953
492359 739918
813854 869741
6482 518605
269658 607557
814551 965061
75695 374739
757973 916318
937970 984796
654095 997655
703822 963666
217877 606732
824781 941850
470089 910600
658234 866234
972983 986068
270524 817580
79808 637749
636318 939628
237160 737012
253474 997596
327029 644130
771776 869763
106466 400646
159004 874137
626910 752752
407339 548200
585846 771981
61111 559499
522470 550899
214295 987575
751229 993596
50935 64081
168576 790746
500530 705387
905688 970234
750532 815071
5193 319407
29182 160530
961978 967475
422608 961243
22582 251447
642602 954388
503970 714668
734222 936382
979877 999460
730598 968438
102916 216096
286374 471997
203090 324220
875748 911366
670506 995478
171709 495011
316242 888431
837137 845441
180805 410925
395024 889035
536960 730973
39081 77393
304675 621663
296879 869881
221310 754595
79002 3963
72791 47434
34361 86378
13339 70394
3674 31824
58646 41612
2515 63107
99730 58830
7371 63727
54986 22311
69620 62565
56708 42483
97555 95532
2534 48053
59971 48236
96951 81157
89409 96943
49701 31364
50249 66104
70038 73357
84109 3851
35639 93127
36159 72941
8800 72648
95640 54973
79734 34484
82646 47858
95221 55411
72589 88840
61981 45186
47117 82144
27638 54678
84109 36843
41273 51801
73827 97985
82042 57613
58859 64508
43137 15501
13132 49062
43178 19007
82248 26601
54767 17398
21757 5399
35945 69814
70671 11857
93447 19491
49545 20970
14229 98297
51703 60324
64540 61242
14345 25678
62875 51733
86322 40250
97210 45677
9760 73229
38877 48954
73242 72378
39872 84594
80430 13287
20176 8132
76333 87218
13094 10095
36313 39919
44601 80254
13839 95541
55289 19104
61152 98978
7538 36653
42729 43801
55980 98889
866 14458
44798 88750
63058 14600
52788 84840
95035 18209
56974 19792
55542 17551
71508 26834
38985 38556
33203 81950
50840 98027
13741 87495
35163 21471
5807 57515
11158 70290
43518 64524
10548 22860
12694 235
83791 57356
93201 19973
41802 22350
61662 61987
62089 92745
99662 11937
41669 67660
79961 71016
62107 8845
94361 58632
18828 64204
93432 60893
92810 3159
5384 21144
28970 77003
12523 54101
64219 37066
85879 69383
87312 11317
7217 80856
41250 81993
61530 95864
12073 84590
29582 62272
11279 85003
89821 63895
14635 95366
91213 7412
90551 79833
45807 20631
45176 34790
23193 66039
48602 20281
92951 71142
42490 73089
38541 43045
80711 60593
63332 97275
23562 87169
81239 16574
6160 52138
59094 14519
82112 75992
81983 9758
14715 67155
96504 91482
45910 37848
48694 45788
25245 98743
45324 9765
70127 57967
99640 67663
58758 21517
69429 17144
18253 76087
98653 27557
63416 29467
49692 23931
3351 71675
75466 46080
61185 96591
67142 11244
30462 19436
9625 9066
14822 31724
43242 60618
95912 29552
23681 8625
39734 21745
74851 77014
61102 95810
70561 46263
8034 76993
64046 61730
27053 30302
11038 98776
11724 9195
27440 98086
91520 65866
60111 2403
68470 85615
75985 40966
72976 56732
35939 37392
66759 13370
84470 51390
35029 4014
71582 93667
57547 14993
20025 89298
41079 75794
48369 68682
6587 60343
70908 71515
12044 81446
80106 90850
25647 20793
10708 17656
49958 96687
19645 76096
1715 9457
48814 44276
27038 19531
73464 11083
41026 65758
55598 27063
23523 67878
95963 14635
39383 34231
10233 32228
28154 6930
93094 58593
81757 75747
422 21451
92586 18912
94716 31055
62507 34681
6515 59846
55369 98809
56729 98470
2835 67604
27629 3395
22298 77856
27586 68446
24216 18142
54302 11116
8030 41487
59176 72444
15537 98472
61115 17994
8767 20249
59376 76687
7571 10722
83410 17267
87656 90893
72706 90627
41156 11150
54827 35144
13240 30404
36581 75244
85086 86475
16862 37390
96836 18189
93546 58237
26215 75126
68013 85420
27199 80940
44672 39803
17665 26427
98269 59651
106 20913
5954 21270
31273 47858
54819 89822
86724 61381
78081 9226
17552 44539
6831 75867
77650 83010
60362 40102
30429 5958
20985 48604
79498 11698
31876 34301
24917 42739
25171 7153
27688 52099
87075 25016
83631 20842
25377 79422
12799 41652
49103 14789
72670 82116
50238 83383
98416 27346
92005 92636
68913 78497
29080 20051
35841 41784
82783 96239
39139 82394
62523 4210
55344 76298
5924 27241
86649 67941
19784 35878
34836 16931
56545 23057
13187 86790
93810 34355
14909 24040
83729 55963
72952 88007
64216 97431
44117 98108
32892 69316
21410 54376
58711 10923
208 83021
75197 71837
84312 47055
66330 18167
578537 942035
825858 291941
728323 929695
747547 207426
164683 924510
298033 22268
812381 861371
787159 609640
839336 740463
969294 558171
432348 7458
995198 605162
422138 724718
113647 535200
407401 961604
968662 256333
755496 270759
943396 521007
370522 153930
538178 344333
115714 100333
704128 180513
806011 257024
631998 232190
986525 353078
426040 597964
774824 401682
635353 50157
969101 830733
768867 655892
331609 998245
626115 485680
45631 582082
613199 953747
472719 509925
821997 97572
626605 646204
668334 59158
15257 631049
651644 108536
419179 947396
728516 799237
696373 712473
934430 120797
81339 729955
810638 19604
772484 444012
466713 710539
171535 726007
743280 264229
758405 948529
988321 975805
131384 150354
425746 244895
883373 510721
383784 600220
29056 370975
700700 127336
