1 10
100 200
201 210
900 1000
1 2
4 5
5 10
10 5
528539 1782
90980 174279
810440 622369
822231 895635
236202 771831
584955 940833
169918 609830
485740 234718
299994 629104
862750 523816
892458 856065
355966 237959
850485 138576
567867 686187
140692 320191
394159 929199
899856 348668
456044 868180
871202 390982
810696 358327
382870 130030
688077 145513
973286 385702
879663 463474
652353 323928
686986 905962
591522 191699
457864 330666
322579 724113
107597 865187
644803 950584
880942 805137
456331 903420
321093 446781
588745 681246
70716 525011
428849 731075
561732 879336
546887 307029
308733 858934
819765 409417
11035 952035
379544 627826
120859 205602
117192 766746
161255 973470
126961 950782
883132 636294
343035 599071
153608 324203
1055 314290
534663 89232
960762 341207
295579 679261
515985 998341
144472 665036
943820 892681
293989 176051
78974 182376
694268 665767
2356 424635
306023 667813
723998 762524
725117 292700
12598 383788
341904 122900
974486 696534
926433 273816
902656 429041
295714 153189
12690 594920
82778 41591
240497 5852
754763 242073
890032 140616
395920 134153
358612 73328
266469 741616
625534 120355
623093 292418
883685 445453
961603 619255
372411 546836
167907 957309
735975 988833
940002 178580
518112 83203
668115 734751
70603 649767
637483 116680
204603 798709
202235 144246
997389 981726
878627 52624
115195 674676
430376 286001
123954 165788
623462 707690
61676 971864
565254 36907
72214 65435
470584 627900
867031 961615
96653 835569
615194 342747
261402 256581
9373 114016
853975 619886
523191 682312
90909 849455
646327 933436
654207 109533
717019 547970
537971 711632
37084 808165
253792 916522
153374 309310
331363 220180
62562 92016
602585 539407
514097 51010
840455 454821
447759 855751
552797 350829
664370 978164
330186 801230
111771 188397
951852 686412
605698 470264
197477 592416
528386 384810
790033 110815
608652 552419
278859 19991
180979 455930
147522 65787
133499 253257
183793 993059
115782 270937
140819 745583
171828 180425
1203 696907
27531 272093
217349 425374
583077 340799
738917 673860
177057 600949
731371 486382
675099 462388
401867 526360
574500 565259
741284 139383
869003 206059
997136 669458
323793 130130
627756 972886
589860 542828
278798 944173
31081 787339
707813 587817
796011 578355
948178 704475
611172 815448
657996 155096
698615 313983
866250 288542
188339 681316
481373 998821
493362 979564
161585 524129
724786 288428
616670 627253
106961 318173
521390 298356
709183 167418
808642 79035
996484 30484
529471 363017
746821 147881
278895 4611
123047 206261
761454 304621
272152 929462
735897 14855
27593 302541
197643 904023
860338 210682
53163 415774
863185 572144
561697 758229
204155 744964
253875 184636
917431 193501
823410 710178
367061 7195
4202 880989
663148 933187
991290 314353
12868 5063
629572 444840
217067 33032
25834 858012
585177 499901
505807 393124
777190 619066
570462 788314
782274 603333
81880 779095
372309 393941
446867 987165
451498 616153
505178 336195
13889 396396
242345 411025
682473 823249
576731 91644
530996 974535
57231 726709
945564 269309
553018 633411
757475 215018
797438 659842
620366 388424
949781 967439
430909 723658
869455 456885
879882 715213
349051 660289
352121 87000
701609 571638
755401 832371
141506 779702
718647 414262
508221 158956
791620 638154
406111 522572
602112 348756
813024 190552
482169 120009
719366 247292
463604 8724
839457 31709
205475 238053
573255 894128
669635 525159
122661 433789
396202 174782
993263 151100
937179 886305
557253 298930
60481 607351
566455 927325
162110 302071
283903 994639
685225 674156
937889 447299
141260 435512
258436 895636
898867 775060
262191 566475
555319 985730
809864 575264
549432 607756
628923 766746
387997 241338
286095 863743
624596 378020
158548 544967
169134 844104
640815 179776
5794 433958
54207 842675
791524 819105
489679 569781
782167 863797
671897 92438
272522 476686
366720 16220
815443 711489
726688 599925
60884 356794
318391 927836
883220 194526
881568 81487
471564 646883
280344 114546
217525 611346
993624 559186
807243 456543
530950 803435
204543 627692
405477 703446
725243 612135
314004 224078
416320 296921
754616 762589
962542 225920
899480 597859
919035 678669
588631 634629
790219 786584
194997 82682
224920 713100
100719 985425
826850 598265
645164 468759
40745 801991
383229 647060
791877 226072
640857 780719
92403 293549
698546 160201
501156 223497
113226 394353
301493 495445
44799 393251
882408 146870
137303 471554
782308 653834
784104 130302
527166 161154
367440 377506
455131 547673
152906 942406
11599 832476
56875 600625
456332 132120
581021 355210
282983 581615
28037 548030
648226 654641
680165 565703
906516 739152
700151 407720
271442 476997
553311 452635
627893 306566
921844 932563
904251 628494
849992 260792
198587 410554
273577 371593
205347 215804
515182 895234
113226 698880
955793 858169
688488 680183
202569 576297
977886 900824
370858 950867
576673 379603
438459 587734
556748 964935
110972 310057
929048 424222
474005 42786
800398 427817
426624 986119
520170 862135
206401 825786
433048 659654
200269 682641
548484 734454
36562 51085
485523 139501
646156 638343
530797 176166
48828 106377
302166 225370
30811 452138
721796 794952
935366 644024
232387 772684
575626 635080
641304 797276
332127 643565
864395 2340
894304 393583
683416 779167
766690 23481
720655 565835
512402 660422
994653 114599
134822 122526
462820 966828
258453 102405
506763 781611
249511 693379
516555 924952
832632 940293
680145 753662
929771 482529
775376 697691
790339 356198
959082 155038
286489 953326
121451 165300
450543 410287
435045 715717
324981 957581
412375 107521
425380 115838
62993 133425
158312 16000
336185 475476
7951 894069
655719 890891
174863 252606
977546 448526
236144 590231
795790 613603
999976 965789
877798 634396
438913 568276
696708 356194
342282 653364
197219 951184
239454 347530
205486 231852
362557 304909
858717 419898
29310 596507
133628 49083
167228 426764
835256 687387
983316 249597
654729 912542
313288 879592
664317 447317
360229 633190
200257 411278
811075 77793
645889 639526
844279 791823
336163 769159
85305 309239
94986 801596
733683 384167
771458 216956
571289 316905
579235 335332
717194 417307
881699 694332
473842 991240
221367 631745
478758 11990
966800 140980
151846 270790
18566 285951
675503 324350
953228 335512
318609 283073
394061 128674
456565 901180
882015 296219
800547 94568
56352 794843
515948 718558
13863 561031
916647 600364
600450 166568
809624 435963
411798 696303
530416 479347
500879 191327
166516 670370
790593 345085
985543 438877
546807 676329
578299 344716
782436 665075
56182 667822
611271 752084
422587 80322
467956 896231
837604 899568
697355 624902
485944 592046
37924 260425
358815 432802
749851 692827
902878 512186
307194 750145
104739 173590
25045 466828
283471 261382
890215 989800
373666 815053
964581 604783
922050 526102
546867 859028
298040 948649
937603 487283
650731 472088
969518 334032
410877 746993
699751 606850
186455 750507
414877 702665
990767 811356
293239 183078
325576 566217
484544 371620
571735 783418
686629 283837
651761 556940
996449 637214
68292 85667
882281 139856
714003 937264
217256 300300
441265 640979
492413 889418
463827 977232
995904 859205
993241 94821
328164 856249
444469 480004
606042 157250
673192 71866
667831 212616
481095 934941
296298 848359
466371 982662
817378 982445
231111 121023
441117 429058
467463 662050
107204 770093
748848 102192
683130 338311
78831 241270
90499 830285
885544 833835
375012 229434
764228 118553
257051 51477
191697 733899
452553 272486
495957 65908
384075 926627
98042 854244
395376 208819
458735 916229
675719 639534
909481 118948
405683 664434
193124 162955
300863 36602
987292 659385
767210 792334
717084 293378
763798 700533
719616 671883
157286 196441
443282 580774
144310 786613
367950 97754
799535 774737
832734 114154
935861 507024
292006 96917
709377 364375
832807 812539
679847 202416
894712 730837
271993 757493
568250 722577
237034 87650
877724 271207
817277 529576
261300 557322
627016 668669
920826 324690
987735 519752
750566 706826
442975 91082
474785 264312
866755 158753
397674 204782
420136 664331
853148 392508
688819 136706
55025 930494
583664 557941
664057 764189
21730 91426
948931 420509
478430 741299
194117 398171
960002 241370
219507 909111
872133 992084
166491 901800
713620 685419
289113 491008
146734 651688
627985 289905
149390 866659
831734 801353
427473 217297
98671 362458
903476 694788
157291 404645
412213 467776
326753 910886
163729 640426
578563 644299
517220 82394
233883 206427
859588 962616
716098 342441
645466 807799
968600 410591
862545 881638
476947 918489
355981 829186
37921 247944
842683 328478
863328 781293
360104 803837
340029 68199
261408 795219
183193 9024
537875 394069
482555 526514
992530 215246
416462 241641
31351 596573
782570 540544
524518 449184
83878 639194
347447 153430
149865 927411
136377 719868
270471 282881
446503 761282
731894 497001
532136 915259
593416 635153
770623 272328
470786 566855
629360 1175
404789 82795
733464 874659
769733 30324
963990 753821
129731 59061
194315 326190
770641 308682
10460 388600
656092 291536
43013 984958
83964 13702
331712 142739
840529 59983
872269 2486
660755 501043
545102 309181
195905 385091
383522 933393
230334 952603
61024 864318
928248 856630
474170 633701
946084 628332
597574 200649
590675 392436
767471 159470
106062 974691
650334 609511
757502 945140
906894 190563
42577 517908
551868 324298
591145 573806
496829 778604
525946 569537
219949 876668
945584 250248
53324 8087
426659 685491
185096 341214
567633 499465
2678 501624
765837 977424
240950 53843
387954 376174
873638 665625
47469 690711
859647 213028
891987 458872
641346 687296
497443 703531
724626 880311
90865 100439
746407 260152
678825 782424
37487 251801
444525 978009
895759 10266
150938 192216
893431 204728
482946 498772
238374 87549
566373 449241
516093 39773
236761 901717
350902 146900
144259 978128
647675 660371
966540 516006
900090 473999
530593 67671
440549 642854
831116 315955
365190 874177
145324 532588
158841 677752
540180 211551
189125 100626
185367 278201
795484 287552
804415 414354
966226 583431
772751 353809
105897 319588
509031 69483
620747 843577
737039 610085
247717 741514
312948 719465
540218 28860
765819 920179
315962 174692
858668 683441
600362 704668
14458 458222
618472 949645
629334 699913
828657 327554
797359 582103
142014 443349
101208 588616
462410 62542
204127 291033
792906 807833
597618 865496
792332 943719
656057 436414
275878 194654
328719 487897
624581 123725
197014 689909
41563 689346
379642 77219
841370 2174
667587 442587
319974 768824
171620 460783
318982 83709
108380 939544
721020 837877
8649 506740
102707 630487
993845 56674
704701 24844
68592 489376
992753 452558
133149 176108
192980 155040
138053 165945
895341 172031
839263 458465
43029 517757
657063 170164
656136 64445
723087 406196
648834 462958
365885 209176
606052 201176
411262 783302
620511 803161
308543 370762
478234 752528
823433 2809
838567 315170
682386 672827
150789 782223
407821 322686
609480 528394
463941 203160
43950 609314
92137 711146
815875 571920
261711 574698
982530 279899
304043 800825
672280 763966
242096 961274
69540 437293
830133 98838
321712 972646
840959 878200
183323 906950
273782 338835
918879 635483
329130 722749
517159 174542
922419 203250
565703 713945
699686 915496
393436 964237
250161 102332
844775 164181
52353 181214
794535 132016
503446 6253
157421 738846
715027 102995
57942 895685
946142 524315
964103 457902
215821 147258
627638 890302
396229 865666
232754 127973
153099 46126
897556 104290
257416 138076
502200 296102
784982 178678
157032 798282
777029 645117
72772 283514
608712 44856
610981 172838
438263 336826
901543 265570
12404 498058
981244 863975
33416 999907
444006 528506
913612 15274
899270 570979
71976 838796
225165 180570
125321 739853
953859 844591
204432 376923
141231 459859
193376 70635
804594 43364
801642 918446
515702 814275
326615 115517
394536 557967
154397 664913
826207 102450
444229 834660
980848 450566
460624 781817
474357 27687
901570 891293
999403 502541
564794 182964
290992 729676
475917 697124
265080 591568
655756 59466
213655 795953
46557 607709
511749 88209
296474 422206
543518 286443
22337 340544
887055 228423
969558 635402
680169 624686
395672 70775
718556 164477
245644 532842
51876 23933
561809 221083
845494 97926
452229 215996
853636 256879
69314 799994
41648 573110
743044 836079
361289 610523
266498 395600
797523 290481
584554 354415
990207 587835
109345 243351
400315 523012
146720 904102
91851 294862
492975 49561
372139 597306
223004 102650
712022 583083
236170 796798
575199 939364
30254 400447
907624 930825
146262 247542
799637 974243
452060 557773
587466 149972
144894 953371
518383 135840
409116 991994
992107 575886
585366 522771
439422 394947
990522 459562
212075 941631
923358 68363
342273 778205
542412 563963
93721 752709
682773 860737
185364 985694
37857 145157
594028 179462
625585 273455
345042 328582
129299 58307
859995 733036
305220 509625
924773 211766
782463 370366
766969 385578
887636 697935
621497 122338
572805 742104
659625 822349
252995 699586
852137 829594
274294 679896
521317 246856
706674 346159
704367 498815
922541 530607
571987 700076
84728 56064
479607 407989
675854 754521
505176 318321
207116 93646
185603 809498
521498 963692
318510 465506
608834 605481
575925 509225
681256 499070
890280 483236
113939 726170
874027 758143
983304 619999
23306 893078
236671 781955
788533 691449
566328 362355
477471 669872
573365 421096
279359 790811
534407 919968
658975 50071
331080 685795
924509 408318
403375 517438
301667 974208
833152 266954
722891 511610
922671 285736
887014 181048
248174 234354
804648 392122
382350 504744
794544 432523
70267 940357
608864 929306
743205 792806
597641 780184
679116 127672
530895 394198
341524 294746
284738 873251
742676 904370
412810 814873
663033 218335
819487 939529
709605 597798
216891 462487
48695 237295
294463 324019
376478 63691
520196 327628
506781 292559
53617 102085
827201 144401
422544 934318

