1 10
100 200
201 210
900 1000
148626 334145
187595 312107
706848 924306
567828 781003
458473 893445
216049 315411
507949 645828
634161 790297
364558 491263
950447 998371
449672 590744
87274 578241
107486 493926
128710 993642
720265 829789
756223 905996
82144 342682
722633 892717
563980 572968
505474 682390
80025 503402
968892 988954
445020 790763
848709 994805
78112 278637
734502 980408
133836 787984
386320 463017
742443 864048
227640 477107
243945 624848
931946 980520
972754 994877
573665 575388
287909 681775
835348 899202
651866 942693
806641 823256
785356 865426
550065 955889
13532 50098
964856 990533
510430 523408
184249 906851
267194 605922
466082 734849
793143 835361
956021 962155
690305 966665
203647 953296
96294 281329
41037 418713
753874 886560
389045 947235
822841 960102
172607 402754
335911 747130
829195 978153
916653 980861
752363 917876
622923 736028
132224 407842
607104 680816
920525 978761
990823 992943
963309 994754
396935 963150
425555 867462
457929 702243
363462 469005
774553 979004
284135 822984
546337 834441
372499 447429
940860 955409
688388 746204
807055 965751
350485 575861
838539 868081
480034 917058
40709 748360
387120 598214
997161 998748
453716 908110
298473 643334
416977 660581
954513 997669
411257 682668
740875 940780
371835 551933
371446 940214
347007 897327
870172 912206
900555 966399
253650 416914
936454 967315
729750 879745
356991 623071
774638 847410
831744 883368
749112 853329
327479 995311
142051 639857
125775 316761
672081 972346
114007 982480
229678 578127
227376 370958
246398 702909
518162 860924
487091 690324
506026 968416
589533 967013
585688 952834
776976 897363
653062 853476
808700 827868
471620 995283
661619 836804
264425 704962
269649 580265
858372 949314
125835 528682
859262 886960
510995 933204
193113 956051
509579 711256
863986 897144
422065 773229
853552 951182
929385 959170
85032 909350
170937 496407
789497 870874
302874 631319
686662 968320
18242 658592
345226 700384
789345 926391
739383 910669
536736 750459
404847 698003
505326 785979
995262 998717
209131 886006
414575 980890
813974 878498
776924 808147
125864 359097
218499 946276
756882 911644
32785 346032
297415 800964
315497 561799
727113 942980
394921 683847
610945 740992
700909 786953
547998 968556
784157 926513
942680 944321
625273 896126
128943 596338
310969 828940
72847 656816
902332 930558
207385 534837
631071 962235
842340 977139
559751 852059
460354 809995
993895 999270
580717 754412
733396 914846
653718 739898
333060 640330
636997 671498
592278 639786
646028 672757
366526 401751
298983 536202
827957 951354
743425 876696
214251 298203
162861 259686
216326 478676
757385 846529
29434 511013
196630 744571
130685 210192
58158 884790
636074 695620
819947 945424
621920 982492
566841 982955
35439 307946
203620 947645
262401 568077
623452 654039
249708 319402
169229 315213
7447 220655
392374 583085
196292 473424
172088 485594
927753 930973
16699 550834
206121 683572
926894 952085
34418 461410
705065 962534
800946 994895
885193 978157
506168 717098
182890 335973
512039 584719
642705 991651
914874 918546
899898 963949
363878 716653
332247 444987
751202 825514
417464 783614
643494 991032
525226 695094
315392 816227
659580 729661
148271 724597
413659 611449
285322 535778
611183 636840
844524 933647
617834 640566
305332 665964
302524 486724
812304 978394
524216 877880
294588 311149
264359 505009
657134 844735
646374 760560
864934 936369
977838 996744
473095 994167
943142 961978
405101 863893
253603 824711
809338 842295
201783 750035
482142 716282
624573 753092
230381 616385
96260 983625
519431 531808
754309 883939
618272 876252
886321 999816
810226 847388
641440 724878
531000 637097
650384 825090
997364 999609
62729 585941
836818 942953
492359 739918
813854 869741
6482 518605
269658 607557
814551 965061
75695 374739
757973 916318
937970 984796
654095 997655
703822 963666
217877 606732
824781 941850
470089 910600
658234 866234
972983 986068
270524 817580
79808 637749
636318 939628
237160 737012
253474 997596
327029 644130
771776 869763
106466 400646
159004 874137
626910 752752
407339 548200
585846 771981
61111 559499
522470 550899
214295 987575
751229 993596
50935 64081
168576 790746
500530 705387
905688 970234
750532 815071
5193 319407
29182 160530
961978 967475
422608 961243
22582 251447
642602 954388
503970 714668
734222 936382
979877 999460
730598 968438
102916 216096
286374 471997
203090 324220
875748 911366
670506 995478
171709 495011
316242 888431
837137 845441
180805 410925
395024 889035
536960 730973
39081 77393
304675 621663
296879 869881
221310 754595
607366 830036
157089 957107
2966 557384
530292 816180
299770 865191
890955 947792
873228 990535
564735 706379
17836 360327
368622 891812
925503 929887
92770 369056
482209 494214
222590 807579
618167 755627
48254 621994
865003 923851
567256 833452
983450 995421
503590 783111
788317 843183
807016 957375
371631 645972
56280 501377
688149 852248
8129 514968
726315 798266
687880 822371
79982 779386
893114 909256
143393 232849
126200 611827
801373 851374
957290 970970
811081 868000
207425 466909
937277 969817
928937 994986
277022 477118
505388 572996
120669 977746
716016 963940
366287 966150
890515 921180
987902 988250
537519 578840
708378 869494
400446 945625
681395 963260
694557 893588
325044 911178
375646 435623
727873 878890
574124 630580
114016 769555
498800 801493
848048 992152
737654 891402
57810 348846
981883 992695
648089 775231
767792 818733
249802 963806
638614 949798
249103 793094
316714 936779
893371 910757
920459 966116
278929 518684
2936 166094
540485 571236
10964 26845
102489 644528
820321 954425
780357 900558
817886 999076
83302 989029
748950 903690
514239 742496
223511 830741
613875 877419
24853 186706
710270 963613
279708 762400
807372 887252
201809 705915
489196 840011
532832 999510
865067 975916
517439 581566
929343 981270
199615 222287
982489 990116
830425 834289
479641 905614
65549 772404
374953 969035
611343 928189
960871 996092
673407 966632
66001 676511
211126 678409
784767 874334
426167 579058
217701 999200
107929 312084
104587 797372
119764 802404
81308 629169
389268 558253
634585 959187
212350 395669
86613 468903
702472 918611
785250 795133
867279 917768
121207 995809
383552 454160
349645 761538
185747 409111
935486 948549
606126 651633
32486 924279
274390 422073
886302 941499
934750 967131
723281 886518
287284 817511
319857 614385
144056 476123
29244 51562
588991 972885
934912 954038
805085 905000
997930 999039
665251 848792
580201 680243
989813 997159
633752 677979
886856 971854
198280 864176
625958 954039
960992 966389
360269 459608
44831 456181
556060 987428
899570 965522
390778 930759
619023 984967
718102 999532
24534 412202
64490 623272
553253 578566
422624 897959
238161 836527
358192 446735
91534 941360
976374 995163
527933 786753
114059 567024
289025 879832
312507 882470
363254 915748
148327 303548
831452 926580
537439 873412
940998 990596
447886 643282
528359 759873
388361 494427
524515 977651
354274 377780
408562 972904
478031 813962
485535 768973
95515 399256
657077 944562
848821 876790
580048 801261
734067 880060
488906 817472
681404 873368
231521 887870
734203 974334
644877 824709
612822 902161
452192 785237
898252 961944
525745 920764
438024 885468
742910 800824
935846 968254
140412 283473
378987 701096
876547 936756
719054 771827
228263 937063
897350 939225
793286 895968
50553 953718
165708 352560
97785 292590
513096 856500
247134 795470
556858 557180
158917 989495
77430 938500
469515 850736
207018 386713
851155 972570
391228 433723
229235 764343
977704 984428
126001 168016
269057 448388
622879 912995
671544 901117
898206 926137
725908 981974
974951 984104
661717 832800
43755 543297
434503 603116
37037 854384
820401 855525
271694 629571
353606 657150
513339 622703
9671 947521
678084 957349
935427 992856
790391 960673
671775 933706
459746 596399
444998 662951
87848 99370
212274 558265
832292 925578
728214 900049
259479 319095
917367 984278
807395 975730
580902 994367
677640 725106
787346 936326
30251 353808
771958 999469
747462 884505
776318 928913
831595 936959
482764 999906
915084 950297
738418 944792
423548 892875
732099 813775
398559 939880
607262 645176
958867 999403
374977 553625
633930 655268
706433 836804
983065 991422
86394 591622
935796 943108
444622 924137
755375 917494
991029 992511
42915 845670
776593 809075
418866 719965
312819 608371
164246 772688
850107 997126
859790 912980
293999 598476
362430 863103
941601 989133
721939 820792
42100 351768
280365 739948
163548 222466
549363 915496
15098 995244
870492 915756
594524 617743
72183 632530
711097 992666
997464 999372
848044 862272
366481 972945
830576 908500
271391 822265
740788 901166
749345 868253
493859 522608
96733 335429
375686 736671
843550 976095
748818 973765
199946 995869
257161 966421
518382 818212
231789 287080
525965 791996
70108 612240
644360 729590
937521 952773
980993 981621
596506 971750
156539 288416
153811 438567
564542 837819
45452 970139
899801 934175
447477 894881
9788 174903
293299 568128
80600 957739
210278 418768
172370 543990
795426 809621
610355 952300
394969 718461
346717 892773
425944 881053
240737 547544
421729 821029
863492 899705
284104 525093
540120 682231
77487 521326
799556 960050
416542 499477
521247 692005
94039 432402
945351 993044
447358 870510
987009 994443
623694 765661
975931 979464
469693 747275
591539 802022
544821 724077
667386 761052
617487 795626
635403 710072
90811 463627
563050 946200
261807 916022
688178 966957
999086 999092
146535 705208
379079 877045
902131 903187
372818 734712
561790 637243
376231 687459
947644 977285
700074 934310
888629 982642
147465 173564
163967 204555
880700 917638
238739 498910
641255 678411
763291 996783
49435 103595
87563 802356
794767 865641
109643 823297
151587 666351
318694 776163
6265 288504
910502 985425
68552 650544
377663 882567
454417 966729
493127 629086
223076 806418
49023 719691
897116 907713
352920 356545
691222 787494
602954 898694
683490 992457
202059 609562
964941 984180
455684 479674
611201 633535
9589 495561
162363 674030
696706 874508
715799 819179
997438 999860
366029 395178
42565 319999
784561 894595
185604 707191
890196 943437
712753 983780
405178 461432
688622 859386
642770 676016
959442 968631
653343 969894
705171 803977
750450 974556
295752 300123
179193 671772
724103 786615
178445 549671
825849 967806
297000 567690
730568 796759
643355 953655
163034 700257
53444 658601
418309 963438
661294 985408
851377 892608
881986 970676
441590 701148
147232 874011
64643 327997
458903 687019
748703 763826
377364 859221
825231 970051
747498 924419
453901 897300
430177 594360
711380 768088
973595 984737
866770 972046
939819 989413
978084 995237
186460 214989
617038 617287
415941 775600
37043 825189
594378 726486
949123 997915
426576 775465
736859 799157
596697 756324
382891 951412
57032 737940
533275 741894
105107 784849
705191 828882
714487 876511
323035 475999
269914 886091
971186 999593
973616 976573
295508 773257
673651 801674
451954 455063
424091 825532
845726 902904
94383 163217
131448 482354
635158 928723
242735 514993
326962 658047
907948 951790
683112 935485
730609 774378
969104 982352
421248 805657
253160 988054
433985 999185
695939 790373
92488 697238
67843 953031
699876 747219
424379 998870
306083 537112
90326 319351
582917 797940
226200 377179
601045 660466
692457 899987
568473 647915
619272 999938
619557 671814
446400 841637
128452 175877
21659 895110
236552 838255
166818 557568
830661 986938
789346 953857
145106 473098
64651 449739
36234 550578
638381 856588
960025 987992
784868 842872
341483 382745
47284 125766
16417 823165
723253 978098
678532 902932
626501 969670
471256 486580
474733 778792
559399 588857
318464 670890
847135 937534
146050 548152
353393 799812
970466 990940
323562 553305
559669 677674
748989 994331
777796 813896
860670 910507
233322 421755
445605 956680
189307 365535
647806 648266
216602 477033
187511 393962
284582 309775
441145 466271
580760 878557
740808 840062
321150 865214
537778 669288
321551 572137
965166 977234
859130 928247
269230 560366
191110 683895
884708 967394
964593 988278
518860 609455
345649 967688
694868 858936
131402 699163
49746 478868
770106 898187
300631 423803
373208 590778
784592 952859
582216 893178
678383 729510
568557 932513
265171 914949
405093 492544
887295 997637
730009 917610
729293 793969
307141 716510
591164 947026
651874 807365
903368 988622
561313 777699
366476 954777
536764 840201
901325 972207
176213 869134
909430 990651
504998 539672
64002 508967
465799 877134
287423 850244
659094 802854
730696 860197
741037 788827
786852 889702
776481 868005
838568 995749
533823 895482
278843 698932
985744 989058
686352 800413
490228 547252
282854 659951
684877 863538
273478 581226
13876 931184
930487 939965
676568 742948
511948 751392
698357 922912
390361 636568
407814 758532
810778 904754
878462 899458
15862 29412
193338 213815
727715 772806
557009 827950
159434 227752
697845 936962
129334 185480
950501 958937
513364 880545
944949 948858
594543 896438
421430 665893
561683 709930
234877 412050
779019 833550
713436 846929
558769 871972
313808 649349
455124 618604
724708 856357
399015 493292
481591 918585
608389 976222
433733 644236
621280 754830
946969 968452
994086 997825
564323 889088
563656 574215
592856 641248
645113 852302
865627 996316
434691 996893
160528 178834
834249 931756
47439 823602
943061 951533
456215 798777
307813 493835
501632 791394
765606 969751
647309 888112
94822 777720
83522 974075
132750 890191
140623 799797
847754 907118
696879 753361
83270 130141
678937 688306
217466 610529
525944 648988
436889 731664
138855 793523
662528 747319
344580 977581
489365 753360
639696 841612
85432 208704
819805 982611
210160 483328
29578 428939
54415 514732
932556 963075
730534 983472
104796 629112
945734 969051
587190 744843
781694 840677
883042 960648
366416 766005
233413 724003
46701 884591
821483 886608
672473 727051
687262 738542
234293 619800
452560 591412
679609 884217
780240 938318
413286 569873
670028 797079
451751 830281
896845 952045
