8 9
5 2
5 5
5 3
5 5
3 8
2 4
1 2
3 3
8 5
53 31
32 78
33 72
24 84
98 86
36 82
73 51
90 82
49 60
98 59
82 15
64 96
34 70
72 65
75 41
65 76
54 61
44 20
19 57
60 86
68 60
98 60
53 86
34 40
19 98
11 51
77 93
29 10
16 38
16 87
67 85
39 33
10 54
92 72
61 69
13 72
36 17
85 84
26 29
54 58
22 23
55 75
75 87
96 96
81 54
96 57
84 49
45 82
10 43
68 90
46 83
60 49
32 63
94 23
57 98
21 32
76 62
95 40
38 81
81 11
97 98
52 51
28 88
75 66
95 43
43 94
51 11
95 68
68 99
55 42
65 25
96 99
87 88
81 36
29 68
61 21
89 76
87 58
84 65
88 22
57 55
56 42
57 64
18 58
93 72
35 56
41 75
44 57
99 21
21 42
18 81
71 36
74 56
98 83
93 70
37 15
26 42
86 11
47 20
68 30
64 23
48 39
50 59
15 32
95 82
16 31
38 24
89 25
13 36
59 25
43 86
21 28
68 93
31 67
93 31
18 28
42 53
90 18
81 66
87 57
10 79
14 80
47 64
97 58
62 67
34 78
33 54
14 64
73 89
34 31
44 75
87 62
37 15
82 69
38 13
49 82
20 47
96 31
63 98
54 97
31 11
75 97
30 34
67 39
44 79
10 75
83 97
87 22
69 73
74 97
25 68
16 39
40 33
72 38
97 13
87 60
58 76
35 99
57 56
29 24
48 31
41 59
45 18
98 81
77 10
55 13
38 76
52 71
14 10
28 39
46 76
41 34
85 53
24 12
14 16
96 44
18 76
77 74
63 65
39 55
26 34
14 39
69 63
32 83
51 35
86 51
62 93
89 69
85 75
68 14
26 43
16 83
79 96
91 74
21 37
35 79
87 96
88 87
69 76
18 26
70 19
12 96
42 79
76 42
82 18
31 42
29 15
14 61
85 87
74 49
83 66
74 54
44 71
46 24
63 43
40 74
69 17
44 53
44 18
49 61
76 28
17 66
13 85
96 36
64 64
10 29
41 33
86 44
44 10
14 24
65 50
10 89
10 45
97 28
33 15
37 85
63 57
22 22
60 63
72 36
19 52
67 15
56 43
74 49
36 55
22 22
72 93
43 84
69 11
89 41
47 60
70 98
23 15
50 85
60 65
80 22
44 43
41 47
33 79
23 31
75 32
21 83
93 79
61 52
26 79
83 95
33 77
31 36
59 46
27 88
45 25
16 69
60 97
63 61
47 62
13 76
43 70
23 70
27 25
41 73
38 60
55 28
61 54
36 99
44 58
68 93
87 51
55 96
59 86
13 11
29 49
21 49
80 36
23 67
37 74
49 56
90 68
63 85
41 86
25 37
864 664
236 783
774 509
880 466
902 935
980 432
248 455
898 661
120 312
446 409
499 737
912 719
261 337
871 473
279 903
165 373
829 496
459 234
404 929
372 772
394 352
425 402
297 249
975 302
634 482
517 585
665 190
861 891
112 169
198 137
515 866
541 596
868 752
633 891
531 426
748 324
601 956
897 333
552 132
182 788
698 673
568 300
943 607
112 505
673 453
887 809
965 567
291 167
568 508
857 605
651 454
238 497
302 933
352 402
941 865
766 835
398 465
408 370
136 437
864 513
892 278
296 337
967 304
925 811
117 194
591 134
819 522
625 962
795 579
440 936
913 485
382 262
910 197
214 918
281 622
442 641
827 201
986 838
670 580
467 284
778 905
667 590
130 248
985 566
493 557
671 872
266 789
764 980
245 937
373 760
242 274
647 502
882 362
545 464
726 702
869 851
470 800
902 660
623 220
367 211
427 376
478 726
882 357
543 327
590 147
497 706
565 165
769 196
455 954
352 668
557 611
137 654
447 551
429 530
369 682
556 412
713 577
247 634
826 396
258 449
408 651
970 446
656 742
604 202
919 740
373 732
254 907
455 229
267 665
320 255
942 706
419 915
190 419
520 673
919 873
456 291
980 542
224 258
136 694
989 389
252 315
910 329
129 667
378 191
667 683
899 158
754 378
472 495
774 266
388 380
991 423
282 393
725 231
574 702
410 245
372 458
406 858
676 388
150 979
794 454
371 928
431 233
643 798
347 834
339 138
372 855
185 184
893 632
501 192
330 921
356 672
194 794
553 654
942 951
280 457
849 112
222 415
669 759
157 930
235 756
782 316
956 564
895 599
835 745
275 483
244 809
978 757
415 157
511 258
384 975
339 455
731 579
869 543
432 666
911 536
107 511
481 977
957 257
215 589
824 491
2482 2236
7187 1009
1902 1060
3752 6389
4511 9205
4152 4275
8183 8896
2078 3116
9956 7827
7961 1351
8787 5550
2815 4620
1821 1935
2716 5960
6807 2742
4865 9150
3350 9354
4392 2510
5412 1887
3706 7167
9775 4258
8452 8190
7218 4682
3001 7375
5742 8957
5809 3337
2760 6887
1310 6482
2354 4063
8979 5712
4057 3294
5276 6576
4933 5114
8615 5285
7671 5895
2540 5308
8127 5596
2859 7018
3548 3991
9288 5473
7079 3653
5445 5391
2155 5345
5711 4602
6234 3057
9933 7605
3685 6244
8189 3202
2629 7882
9213 3447
2828 4228
7782 5535
2818 9683
1768 5934
6459 4777
7574 9987
6642 2681
7422 5199
8525 2157
9248 1832
7227 3758
5840 2934
5421 9902
3943 1209
5855 4356
9049 5004
1819 4237
5597 8170
3078 9507
6853 6686
5240 2375
4676 5032
2366 6371
2415 4331
8548 3351
7651 5128
7024 2821
2879 3393
6994 1386
3070 8078
2366 9558
3130 9803
1893 1172
1418 2188
3051 1910
1273 5216
2650 1239
4506 1726
1741 3391
6869 9131
2936 3384
6723 6598
2104 8592
5100 8029
5145 8893
3274 1149
2067 9787
1835 2945
7150 5185
6777 5640
4795 5135
9141 4538
5008 3186
9136 9537
6559 9954
7160 2609
6835 6837
9641 1168
2965 6191
2785 6032
2586 3184
3428 2448
6545 4095
1523 3767
6507 5058
9373 6173
1859 6705
8292 9773
9242 6701
8638 2677
9582 2745
2638 2624
8885 8656
2164 1464
8515 5654
2529 2936
3783 6839
1514 4519
6140 6677
2148 7208
1539 3381
8594 4950
3233 8087
4894 6659
3028 1264
8511 4395
3524 3686
7753 1286
6604 7589
8923 7418
4890 6556
4383 7876
3994 3680
4651 3908
4225 5470
6986 7443
6584 5718
2327 6319
1046 3163
4130 7666
3380 7192
2311 8539
3709 5557
6232 2571
9356 7285
9207 2135
8369 1280
7199 2180
5431 2233
4341 9170
7587 7387
7676 3435
2395 1657
8911 5294
6295 5048
9679 4144
8939 3056
4433 6290
9302 7667
9712 9974
5151 7046
6178 6377
9454 8097
1075 6595
5076 9210
4126 1812
8002 1286
2063 6811
1206 7549
7367 6294
9698 4035
2247 6767
2767 3134
3725 2708
2155 8531
6899 1032
1313 3714
5548 6122
3409 5638
7010 6450
8379 9277
9411 9510
2808 3002
4236 4304
1997 7148
3739 3561
7739 4420
4933 2199
1330 9860
6116 8836
66295 58828
61108 15765
67692 80261
85928 54299
36945 42320
65716 76696
82640 65795
49762 76334
14700 59524
92748 17338
79944 39104
37335 86358
54102 99940
95609 87419
71187 98231
87682 97576
44783 47469
34672 55292
40896 50821
78931 42727
90047 72893
23352 35791
68949 75426
89625 54923
31773 41788
59804 13219
22932 69009
60303 56031
17079 26919
34176 69788
65711 82197
87541 62228
91188 89457
40309 47659
65547 72378
93580 71218
70416 86675
17508 85664
10154 97983
69793 98976
47871 14623
26474 82590
25995 80397
10440 40825
63573 54507
32045 98176
22223 65454
59656 41089
63035 44879
15580 49519
87325 43089
47404 45685
23761 82297
37826 66412
88355 42011
63342 22204
32108 96432
67476 65413
85531 43761
52817 68344
37751 39091
88409 75689
22780 21879
25331 94242
27873 46173
91485 84497
51623 53256
51120 99684
21917 97600
86420 39389
79894 60239
19445 18721
47424 30480
99293 69415
16721 34520
86929 85880
24562 36935
58210 38382
54857 36984
17824 30600
59203 75947
81494 70348
95439 82704
19373 16764
55840 82002
54141 80140
70764 83446
25826 72454
70224 38256
28383 76819
76783 33249
94628 59898
91985 45598
27444 24004
81206 45806
53293 84114
32166 66602
32433 76928
10359 72459
80787 77189
273012 711720
776060 790487
369325 695519
193695 672270
336679 142902
100069 591347
797291 661454
885721 613808
490177 233243
892690 990859
325608 985941
222728 839673
316904 816329
710034 500549
836833 509543
604399 807897
497794 740138
179350 607440
279378 498744
676018 136035
923076 115286
371315 843327
510487 865213
619908 818183
423825 687112
460379 924004
794725 826086
384222 266751
113011 841759
662274 775515
874233 859705
381873 237489
904861 197574
143470 450725
914714 138936
463664 873218
928066 676088
450640 331366
736981 962619
883737 477677
905395 300989
932121 812191
337461 632138
548621 334215
284546 712414
229015 224693
611543 608905
610441 823393
212508 632099
588922 825433
464782 729906
566751 542874
308437 299154
253922 476263
299414 736894
946295 840921
697745 952908
401399 482959
887548 254488
506483 427539
821878 320676
227756 165534
460205 567332
586703 459324
699856 184943
100134 656709
421482 849396
292936 349204
754679 319676
160823 943340
741189 440751
895149 291744
394513 701176
427289 413361
689583 158688
729933 999753
182826 750396
477158 414270
752499 501686
307331 416908
950368 664285
590034 682637
236768 504655
393764 113989
705583 428291
729584 931724
538779 368985
914946 901216
574665 942981
603393 795857
976517 526564
933228 211386
471770 691687
416438 215661
994261 346676
599596 927233
634950 822516
854704 579033
115362 168331
769966 305956
9260459 4712903
9647492 4948209
6342695 9044477
8567927 7668826
8848330 3848614
4898150 1680461
9629468 6476714
4567160 2918935
6150857 2712839
6278497 4735106
2901516 3604054
9863821 8016225
7513587 4251981
3243157 4503376
4987724 2339933
6608121 2842915
5558046 9645715
6862150 5262010
6105219 3005133
2941584 7874167
1238531 1968482
4733488 6925109
6515200 2517039
4193911 8768364
5888815 4468931
9171868 5084111
9579089 2819694
3527461 9445572
1762126 9666382
1674907 5284724
3011277 4768048
4202581 2883670
7244157 6252546
3906416 7606905
9599080 9446495
8991254 5189370
7684347 3579830
5872282 8663720
7247517 6761944
5977194 8695999
3299968 2083631
7781084 4693108
2691370 9193390
8630433 6928338
3295522 9101410
6270171 9121472
9904755 6156016
2610524 1353084
1002083 1222029
4403193 9137901
7713442 5672386
5993614 7589227
9971172 9496626
3820837 4535777
9690786 3559415
2390413 8838556
6270915 7986070
8339244 2586797
6473812 1836797
2142333 3006545
4898570 1296576
2388690 7293980
8118887 3246570
2065796 3263446
2359980 4158472
8009214 3817097
3308447 3250532
8302147 8568006
9419010 3098449
1803438 7878324
7014148 1802590
7262343 1511001
7554018 4123144
7344168 1369393
4505056 8321335
3783089 5791591
5664978 5790243
5250311 5845290
7099179 4453514
1211819 1554827
4607860 6879712
9733556 3465326
1749411 7498111
7699037 3846271
9391596 7589947
5580851 4715535
5123997 3941862
6856360 8286826
6379199 9650323
5402191 7582324
9657316 4081825
4031221 4392259
2577435 9934990
5552752 7977583
9253677 2206769
5358947 5935188
7592067 3358348
2206565 6467286
8613432 3693888
3404729 8639444
