1 10 20
100 200 125
201 210 89
900 1000 174
593583 78202
591906 491037
472878 716820
763490 133882
706527 791347
996035 602341
68414 702277
894226 405542
861869 789470
33306 383221
48297 582933
198199 285674
328564 735785
829101 13964
237522 611826
799473 398496
504990 921142
147689 950267
444693 988843
158849 571288
152266 955137
493267 40533
47247 822166
847651 267189
802296 279699
925335 851875
504981 583117
224909 760533
108077 836699
541288 897845
659388 377017
881173 609297
37033 955119
332083 52310
717794 137307
587911 327108
765341 922309
5137 166066
55641 621773
975375 971817
332224 829772
547953 258096
388170 508478
23925 451059
108771 845362
206082 887799
825521 827210
415968 399334
438931 344080
262641 727789
356619 309343
422312 914181
374058 276251
940843 340272
49923 507597
382834 485731
748831 902459
193394 357395
571846 68707
224222 625746
996928 280937
859313 184863
118454 455283
899998 147553
352410 630090
469848 18796
794459 674031
475110 532214
792464 905589
872090 77294
390460 796652
932772 134620
861607 215652
502506 776427
141409 765317
756427 801194
87782 313822
760646 667723
707755 609981
828856 156396
974560 81424
619199 464298
164429 155068
444074 21712
135983 472316
310807 341384
31514 156719
102644 324202
246141 963958
552874 425443
758703 182212
443751 973455
326688 507744
512354 353804
991818 336487
673018 659120
721668 930295
630748 136820
877551 625095
951777 941834
7570 8674
5019 9709
8493 7691
4104 8619
1383 1713
8969 2616
1143 7672
2154 8745
6929 4880
5152 437
1432 6970
4933 3598
4616 4842
322 5504
8995 5030
234 2739
6248 5103
570 4979
4394 4060
2971 5947
572 988
6561 1570
7031 9723
3305 8019
6882 702
8677 9113
1835 3778
1970 3388
6244 7339
4747 6028
546 9801
1715 9798
2424 9217
5576 2158
5921 5611
6338 2802
7073 8437
5958 6997
9674 8553
1229 5348
6252 36
1366 9814
7478 2245
1883 9200
7865 6625
3030 4688
6843 5947
9334 7455
2069 5887
6575 5946
6198 166
3930 9915
9224 825
1934 2037
5987 4639
1428 5572
2469 5142
4724 8318
5106 7327
7827 8964
4480 8629
1777 1789
8508 5550
1893 9661
491 9951
6028 3268
4276 2892
6832 6627
2137 6714
8446 5018
1009 8022
5041 1741
9200 5187
7221 4332
8819 4045
2386 9205
8821 4577
6877 6096
9776 9536
961 123
4258 3219
2528 9810
6113 4871
1761 3985
7740 6589
6961 9112
7016 2
1228 1340
4519 9498
750 4279
7307 2305
8098 4391
7651 7370
8082 733
3862 5624
9513 4781
5619 3972
3505 9052
8065 4159
7828 337
7331 5486
7286 4502
5128 7325
2065 5008
1584 3312
9579 6580
3588 4207
467 8774
562 463
6086 1598
822 8757
3077 6778
9434 8966
429 3801
2872 9354
5809 9430
6621 8122
898 3029
9423 8869
9940 7757
1810 6028
1805 9436
7243 3862
3483 744
1276 9237
2108 8270
7910 4049
3373 3927
2592 7932
6516 224
8140 5660
9913 1002
3290 6513
6775 5358
3549 4839
7441 2695
541 1962
3315 1112
9154 9708
7640 9664
1439 4881
9967 7415
2443 2218
4454 8686
5937 583
6934 4382
7334 3449
2047 3883
7029 113
9725 633
9834 8455
9750 7246
5228 3595
4235 2724
8739 9319
451 5225
6926 765
667 8695
7164 7531
1357 626
8692 6106
1506 1261
3259 9330
8587 1585
2093 8431
1218 8638
898 138
9539 1872
6098 7326
7886 3514
3687 6726
9469 9288
6635 1322
9476 3177
8097 8239
1234 1403
5383 5177
9918 6309
4049 9709
9641 401
2350 6163
2713 4451
3761 4204
4357 1290
9330 1728
2243 8640
2197 2229
7803 227
3789 3417
5503 4241
4915 9518
7004 2227
5262 4450
9421 9466
1653 6855
822 1
8826 817
1490 5606
6463 8051
6525 8196
2731 8292
8663 9222
583 7315
273 6898
3437 6391
9591 9606
2679 6012
1735 8266
8253 9219
6889 8883
8665 9271
9727 9789
9878 9962
2347 7713
2539 9643
8725 9279
5185 5317
7886 9766
1629 6626
2421 6951
5108 7845
2438 3461
9977 9992
2055 5065
7162 7873
1669 9628
2548 4436
341 6021
2865 2976
1970 8295
7025 9026
9665 9992
6742 7338
4141 9550
4507 9984
8889 9735
9740 9896
8706 9066
2972 4463
6324 6908
9232 9534
1612 3896
7705 7872
6778 8674
6950 9909
3732 6592
7331 7351
7272 8480
1385 2807
7925 9006
1099 5936
9703 9793
2668 4835
7901 9713
8953 9467
3650 5262
7984 9761
1241 3682
4523 7560
4509 9367
1803 2426
9487 9579
5264 5907
3001 3735
610 4679
2905 9300
781 1227
6056 9770
3569 8178
9721 9904
3044 7392
847 7426
720 7614
6970 8869
6616 7305
1922 7507
8770 8828
5619 6529
8254 9521
5730 7318
7850 8147
1561 3709
5578 8340
9979 9988
4305 6339
7363 8336
3496 8550
7877 8138
9149 9411
8525 9401
4169 7294
7884 7926
232 9871
4786 7675
8170 9093
9636 9647
5507 7569
7548 9182
8856 9642
4003 7637
125 7336
8387 9943
5977 6562
4627 4897
7034 9305
563 5316
5461 6349
792 8040
1276 6543
9058 9987
9423 9718
9542 9812
9104 9886
6151 9906
1979 5063
8316 9387
4111 8215
3430 4769
8852 9243
1852 8226
2412 7802
2655 6614
2925 9024
4264 6790
5646 7828
7521 7959
6803 7278
2427 5532
4315 7720
7875 8314
9262 9682
6850 9796
5588 9947
3648 8333
7471 9362
1380 7019
5942 6298
6252 8578
5323 8140
1673 4648
9236 9944
751 5090
577 1957
782 3506
4308 4650
2047 8670
98 6166
4153 5850
4678 7654
7606 8759
6805 7177
4568 4861
5866 6270
1181 4105
3262 7746
3415 4719
1745 5281
7240 8135
926 4527
8938 9371
9411 9491
2690 8592
4830 6250
5365 9809
2593 7368
7460 9433
3595 3825
888 8089
6707 9140
8347 9197
3145 5976
6187 8763
9280 9506
2379 5652
9084 9364
8701 9375
7255 8820
3765 4448
3592 9772
477 910
6053 6089
2429 4462
5487 6381
7069 9599
4752 7630
6225 7709
2 7373
4807 6362
4420 5616
700 8753
5368 9943
3949 8619
2348 3867
6150 6839
967 3089
3359 6532
8126 9888
7403 9031
949 9482
3507 4956
343 3242
7003 8499
542183 686994
748602 218660
722465 667414
912334 659967
311737 714088
365452 642720
641137 482441
850122 835461
181895 794662
364992 230709
265162 151128
633294 852871
262249 757059
732562 67206
107149 803304
97330 301448
378521 964164
179345 250657
539771 82469
233194 810452
107190 35049
259237 585156
911838 560515
646842 675810
847508 248060
408559 635342
882362 444831
645689 969981
170732 449075
152134 658921
151457 879104
454897 123861
226124 56945
209391 296692
730746 534024
529676 412011
946574 340092
766224 909922
435816 323269
571959 204930
76946 463553
57555 113062
162399 34540
751716 474892
750271 510529
454193 242784
946319 446945
390622 596745
235793 419189
596764 931203
548447 805094
84775 957753
349967 87473
789142 988146
127097 222926
576473 167343
131155 250639
618183 455340
708691 364087
876521 618628
813588 453496
463066 938503
418352 588064
9056 514916
143436 251742
420726 897840
747505 594974
270800 181419
111148 105242
585908 615150
832571 251838
591743 749710
190372 628591
132745 7541
494573 499297
805831 680639
536452 576673
380712 241260
684240 989764
680492 590899
464949 377407
599319 78626
698659 563561
272442 165374
334241 478115
512393 164627
710404 502741
25854 92351
656747 153708
287766 506336
210604 830173
66519 795633
889344 979202
593174 111286
975399 990125
854445 431747
377417 683398
459776 215489
922826 637095
243705 769587
700808 47849
875957 825659
207157 704969
335243 952543
330187 892570
60292 913399
788507 472651
50945 682216
442578 198445
64043 77779
887632 207844
896313 592953
561730 820169
429783 116039
335848 596141
527021 575191
208562 717587
855560 550271
555562 760948
842787 784569
482329 818522
446562 449210
18891 272299
689834 781018
593010 266988
173861 437218
394648 928622
84545 35604
686703 918710
626065 664260
684035 755022
186707 791319
594520 861186
765670 90477
60335 884117
127407 655568
10679 268508
994249 566068
471586 514374
884815 345707
258983 441816
901718 231831
945938 324903
841269 882761
938050 937872
231110 17383
292209 8772
390328 890120
997852 147764
490679 650913
908968 501750
191237 867869
461431 714930
180024 90946
812308 449690
782801 430363
243841 612827
156642 973067
397403 394235
538662 587562
720034 841975
395200 947364
371216 951939
620595 585050
980897 205654
302214 184075
458520 835612
645256 455220
481351 800337
236879 716049
571452 558145
296469 323547
180125 982180
435882 991733
789437 945490
232308 51748
167054 783583
844751 505443
654352 968647
472098 997970
569247 600892
478150 32083
683429 549877
743525 163086
480507 590996
884187 813532
811 195
803 403
130 889
444 999
732 913
95 561
417 145
794 843
236 876
632 677
780 319
314 952
154 478
12 132
504 220
922 773
760 708
841 235
186 182
989 855
138 379
515 451
242 143
813 424
864 539
681 142
20 538
23 397
801 874
450 661
824 294
380 735
654 668
114 62
294 888
404 121
789 79
181 354
397 888
732 939
827 258
242 938
786 288
77 840
343 287
579 630
914 373
438 575
976 334
923 73
417 475
680 139
771 709
895 404
273 134
505 992
5 636
38 97
925 854
147 685
166 803
234 884
893 218
892 311
555 643
252 866
284 892
279 661
217 946
271 857
653 564
93 513
558 40
331 286
423 521
361 861
958 445
765 985
752 573
861 244
597 734
430 841
584 92
28 210
713 436
36 428
899 874
665 717
47 40
550 336
815 273
315 706
505 595
514 685
783 962
728 682
268 429
832 814
960 554
372 859
722 23
885 429
266 133
431 716
814 381
256 57
926 801
449 703
725 762
100 691
817 663
815 616
352 418
565 198
877 642
50 65
508 653
274 540
532 521
966 720
304 787
450 745
381 878
557 921
690 67
64 577
740 734
469 152
912 907
755 508
595 596
378 110
676 482
745 923
255 504
110 213
535 527
814 406
269 334
689 708
49 298
208 769
573 235
666 905
414 591
199 12
175 764
334 289
400 321
84 790
676 472
738 364
887 24
757 919
118 830
451 387
798 924
437 259
963 366
198 25
248 277
329 970
615 977
573 923
682 105
684 298
62 248
809 544
253 601
653 662
256 684
429 925
513 325
888 647
338 937
726 268
41 602
587 160
783 787
340 540
503 653
357 684
731 403
32 373
355 256
521 868
844 978
790 352
414 293
300 340
558 984
657 251
485 501
312 397
71 169
558 630
253 936
98 322
753 755
693 360
430 204
568 761
144 57
990 932
447 709
576 310
501 411
686 800
214 426
678 570
123 797
778 141
91 949
246 262
159 925
817 916
974 496
976 49
761 75
824 277
982 12
545 297
456 65
968 699
716 872
504 240
113 667
639 467
319 578
833 292
824 807
593 121
618 302
855 894
248 944
383 964
370 523
343 256
255 166
245 935
524 728
484 107
69 234
947 6
358 244
577 762
750 540
390 641
950 218
843 61
258 543
235 332
691 993
879 591
786 782
268 650
41 948
405 522
133 274
281 993
820 557
745 403
673 202
312 429
657 373
853 675
268 335
124 697
529 961
805 114
923 653
882 920
167 854
741 391
896 313
490 268
107 290
709 592
98 742
723 215
814 873
497 585
410 59
726 274
928 941
98 900
372 472
228 501
979 270
430 312
355 553
402 137
421 54
147 894
24 390
189 401
690 323
495 563
431 258
6 564
518 35
699 867
132 585
913 481
214 469
427 1
307 421
765 947
325 10
322 841
49 142
419 519
798 949
111 995
608 991
208 269
907 505
877 458
118 383
161 479
744 489
56 658