27 101
18 76
32 64
35 133
47 123
27 37
57 103
58 146
66 97
86 124
64 85
7 97
86 145
47 130
13 104
44 109
50 148
38 115
62 146
8 55
58 118
43 57
89 156
3 39
29 117
14 18
86 120
35 35
40 108
71 73
7 16
6 75
49 123
49 135
36 134
4 66
53 88
60 159
38 77
22 100
97 160
92 176
83 107
80 143
65 76
82 133
56 132
23 114
45 57
91 168
35 75
1 10
24 28
1 77
20 82
44 85
18 81
100 160
38 99
1 56
76 105
30 73
35 75
41 108
24 25
99 109
80 150
100 140
15 55
75 125
88 186
58 129
79 141
79 135
81 162
78 89
33 67
14 50
51 148
56 81
52 102
40 102
5 39
15 32
94 94
76 147
18 37
41 56
15 33
79 104
40 64
9 16
45 80
30 41
23 107
63 89
25 105
66 163
45 52
46 77
180 1052
179 209
141 359
556 1288
319 602
417 1090
858 1448
744 1495
423 1328
461 1160
954 1108
211 563
104 333
632 1263
719 1190
955 1704
949 1038
371 452
412 1385
23 821
656 1310
682 977
650 1003
677 724
586 686
379 1009
508 1017
344 424
495 1344
132 262
836 1653
875 907
403 475
817 861
900 972
475 1246
199 471
760 1689
904 989
398 1054
83 809
140 759
746 1300
595 1188
244 1205
953 1571
657 960
969 1677
46 494
746 1450
694 1292
421 967
395 972
830 1606
415 431
569 1040
546 702
110 324
350 418
886 1645
217 1095
612 875
480 976
366 1142
55 840
989 1390
288 699
128 961
505 645
765 1600
206 1071
64 205
908 1048
241 360
107 129
911 949
955 1029
57 686
780 809
372 971
380 424
678 999
117 634
72 261
532 1120
193 734
841 1368
813 1811
929 1295
573 707
130 280
455 827
439 982
843 1829
295 937
316 960
117 774
423 901
22 104
5 673
6276 12257
971 2195
5683 6397
5532 12768
6229 8611
9922 10154
9017 13029
5290 6653
2004 5115
7306 14567
7539 13364
1498 1547
6677 16269
4346 12854
7365 11865
7529 14205
4581 4880
8304 16863
4092 6221
3940 8679
8637 8722
7318 9047
720 8248
9046 11015
6383 14332
3892 13074
3033 7609
9738 18881
1312 1462
2167 11356
7957 17128
4495 6800
3259 7411
312 8644
964 6206
4995 10083
3553 8576
3538 9317
6207 6801
5369 7505
5426 14353
6027 15273
437 2443
2032 5004
1312 4311
8728 17547
1045 1497
5528 13969
692 5985
8027 8788
768 4997
9549 10631
2065 7180
536 7146
8761 13810
8246 11324
1363 4802
120 7742
8751 18221
9439 12245
182 5622
8591 16244
3341 12765
9899 19400
9678 12398
1029 9684
3791 5765
5018 7439
3204 6313
3898 5519
7665 9679
9461 11990
5925 12776
3742 9883
188 5764
3703 8770
9269 18804
1889 10066
9944 18976
5955 12860
9189 16703
7626 14118
3636 10374
7932 15831
5763 10668
9373 13692
3869 12131
6272 16101
4779 10037
5101 9350
7469 11976
5306 14101
5298 6870
7555 17359
7888 14981
6855 11426
6621 6793
8706 9222
8900 12465
2298 2408
23079 33273
11513 18976
2900 5736
27220 41740
14112 40725
14346 26862
18145 29991
2146 11847
14662 27427
12132 34401
23921 30298
27928 48593
21679 44750
4592 14162
28539 50173
20783 37462
18203 45720
10427 26090
22719 43462
4294 5908
330 17940
22169 24727
22178 30582
17940 42881
4675 5544
16107 35998
13842 17508
16528 20396
8492 12626
23140 36881
16051 30709
1386 12221
27610 54276
20779 29234
16941 44199
9620 26287
10216 27272
22604 33977
22137 43171
5937 7871
14930 22018
19381 24786
9279 19512
9046 36435
16814 41270
16659 28831
22999 37809
5911 13309
3878 12161
17765 20233
28894 39004
2947 32000
20639 44218
14199 23996
10225 31051
17021 31373
6029 23542
26813 36582
27634 49123
20406 39726
27007 34325
13936 25589
10344 31589
5067 21405
4286 4612
24786 38120
3568 31302
22715 42211
3949 32103
29341 42817
23123 29222
18766 40157
26821 36265
148 10199
26749 31889
24781 35817
1912 27151
3174 24569
17105 18880
15233 33038
6740 15615
1182 29419
20162 35520
14554 37430
9492 32109
18574 32041
7416 30802
24452 49694
8646 13869
10315 26217
5567 23457
5855 30057
18532 37162
27547 44658
22893 40516
16956 24253
10834 32914
16234 18083
1033 9474
23127 37299
34173 48583
60716 117746
69615 162165
8668 10663
36664 110981
80202 107653
70244 138341
83533 149190
77189 164057
63769 65651
96802 169558
61322 129422
94964 155191
87166 106893
52855 151651
65556 110442
55995 60518
54472 86535
20409 81617
49135 115169
15532 75468
17388 104217
99640 180162
2285 94566
95550 98451
32474 88644
26988 109254
68278 146138
61912 95596
71440 109367
27138 71587
14614 108628
74472 91617
19221 52151
34198 127154
27671 79201
17641 96910
20381 79089
10971 85870
2705 43457
88027 92604
79250 122439
25552 39366
83519 157652
71398 72529
48872 135948
79043 129260
33084 52159
62250 119320
78442 111047
16678 51736
50617 51973
32864 80289
41206 68172
15384 114210
20149 86885
65088 82047
3093 49979
52565 58472
58913 134656
56857 109583
77751 167694
62947 80617
54840 75622
1131 62767
26859 32647
15044 50593
93261 105625
86515 86611
33971 63777
67398 153598
26742 121620
2773 49429
54797 110200
22966 54156
31298 44510
41640 71302
7740 29155
19069 82343
89212 147572
84455 162682
8046 58983
2791 38392
19109 86719
50082 148980
39954 132435
79204 140891
3739 24978
51242 52536
13550 18513
72492 102756
62273 134056
15879 46579
4599 25770
76527 174752
98176 175367
12104 104833
2001 69347
54678 59068
68234 71838
120830 373119
222816 236106
125588 309250
293853 359950
206641 399208
228268 246466
204252 352181
2129 93114
154524 379293
85100 217879
137787 195889
253829 457092
48826 182397
178458 454175
198445 331562
297461 585153
141756 406644
159706 240549
261742 266290
42416 100472
222886 438779
250625 550370
155544 220478
263034 352871
216355 306459
117551 262386
31862 273629
146844 335940
145202 388272
81042 156156
114809 155060
264752 267821
213469 504632
18121 245533
148740 298141
189997 277223
158328 275286
266731 543457
30484 129796
227116 317907
282995 414701
116333 185420
277278 328765
183077 466932
298154 379521
138492 242384
101038 242940
72902 176882
7482 264044
95983 383088
274251 419206
174733 303196
78596 319356
145801 281143
39774 113387
91975 345585
36548 106804
95700 219571
34520 197203
235148 278236
195744 369444
89701 346486
240211 392762
109190 209188
87202 257942
46045 222640
21475 78041
31137 314698
257059 537493
176271 309248
203602 493756
211208 228248
145304 156478
240364 508763
273314 469302
15149 101909
12866 186852
298556 596687
55807 126792
257714 349112
57369 272210
149954 291385
86856 311896
270262 289999
235970 471820
50826 148068
228620 391397
111899 391091
232565 368511
96797 335166
184102 304862
205619 297008
226145 510977
257820 356011
178048 282839
114264 394918
193069 294685
23246 310687
198689 456114
194686 243988
20 330898
17 153922
13 26030
73 99088
45 126715
96 823957
24 508405
34 650745
4 691811
63 345436
52 187246
61 937801
81 528978
82 959448
57 303403
70 514403
18 172976
77 564940
71 97102
99 917997
20 220458
74 98677
56 133548
35 294628
85 818900
40 696750
9 67473
20 570480
35 754381
60 691961
42 935069
77 160986
76 682936
70 50972
13 633973
60 944622
13 283631
91 256978
40 453224
50 734446
2 231302
36 617308
77 808178
85 57623
64 288028
6 611019
63 717259
44 128804
81 265589
97 522217
35 540898
61 411594
51 482172
75 320814
82 636749
41 424729
85 334919
48 692612
51 374312
89 162298
83 788730
44 647813
4 321480
37 60848
78 719503
87 831222
57 308402
66 982847
55 518969
40 293537
31 281204
70 859729
70 119040
97 123283
22 145998
57 889679
26 997205
3 805365
32 672942
49 799473
29 464851
13 255775
31 217914
91 909987
81 584327
33 261760
70 952809
30 567856
10 127710
3 271395
66 903338
2 593673
53 564222
89 289715
100 232917
97 911547
33 939836
33 819453
2 697654
53 542101
502577 502667
515136 515153
525424 525434
729411 729494
586908 586931
722343 722408
276310 276400
187778 187853
300787 300824
927762 927765
289858 289897
900450 900460
53032 53056
592268 592280
901868 901925
728841 728866
867842 867843
454860 454903
125507 125549
692220 692245
159900 159950
156041 156061
825640 825659
322170 322227
395266 395320
730897 730904
979982 980077
385109 385116
609685 609706
96354 96386
666220 666251
408556 408603
998013 998075
728145 728220
887040 887109
583045 583129
526291 526333
587948 588001
691157 691202
291083 291142
817149 817157
986011 986098
280924 280960
494655 494669
163535 163553
186175 186192
247883 247886
119053 119058
860699 860715
816190 816206
63592 63612
987674 987676
32152 32185
73985 74052
592790 592860
81116 81178
885362 885431
526403 526487
751940 752030
655514 655535
618304 618306
91158 91238
470098 470119
73353 73390
258028 258041
276189 276216
889461 889480
785659 785682
257893 257897
655033 655078
959523 959580
351298 351360
379455 379497
114825 114864
178269 178272
267002 267021
17775 17851
695784 695855
693875 693958
975218 975315
664493 664560
567367 567425
589070 589112
69626 69643
979293 979327
832462 832509
234466 234549
867368 867418
414535 414543
738481 738485
876782 876881
608442 608449
876276 876368
842088 842175
14057 14145
216473 216537
342990 342990
857786 857802
336530 336577
231700 231779
415062 678115
276985 419253
275903 467362
40524 330809
61842 440597
14430 132294
108932 566806
414414 456574
186417 391928
322710 772340
452108 923594
161605 496941
475673 970190
265745 707060
83658 168436
115821 398718
216179 440222
217970 223826
394687 632648
176630 545673
253491 423995
417169 425869
359281 855209
255791 700849
107427 152970
49210 66891
251099 310271
172218 328140
268591 626333
424524 786802
248406 710986
106616 510656
391588 399907
284750 425193
220569 699831
39492 514060
183180 535863
352770 844540
416453 670563
354427 771908
132123 238547
445915 576475
64299 187834
48964 66651
64540 355067
440324 813893
117738 280759
157561 523926
237137 397395
40390 100300
263144 654404
170143 276661
337357 449438
362848 638734
291478 758684
180276 582041
469018 870928
62552 64244
89639 376884
411193 747671
133600 353703
146365 375132
263324 399867
196943 253304
347226 396638
115785 212426
145743 617063
435466 520556
397714 843704
359849 762767
181524 494533
221314 254366
309877 332454
58425 87841
180157 266361
442121 676024
405238 737955
149955 452409
119652 258394
77462 407384
313962 696513
127307 242722
249697 451361
307160 417320
456713 671125
221699 455602
141119 305130
30533 132483
50518 92457
268454 349326
97125 561999
271246 355702
15254 160864
258363 692133
457505 482712
3152 467992
4603 319258
150921 252971
261175 529965
208514 329327
426233 902908
336704 539084
90593 239557
248125 418606
158053 433974
206913 345408
23074 382873
79315 330253
151156 494128
439612 716658
166897 285592
128505 418818
423626 860329
194817 648420
174181 239327
353119 535640
4636 302910
458400 481267
363806 734476
378559 539177
210712 700052
359356 646748
121595 155922
414746 821597
28156 253907
104190 545293
259632 343075
26241 204522
202676 230041
497077 876995
204127 534732
230339 350258
300640 363896
148189 437509
495802 804361
162332 261867
13024 166280
34334 145786
388138 484741
348513 492120
467785 491021
252142 380097
326513 374750
27041 337841
180378 315967
296761 504452
115790 165556
431193 805755
333725 412803
126305 574740
22667 287526
388799 622616
249769 539986
376977 458154
90332 575529
387160 794020
37338 424016
326318 713120
471353 479663
454067 915427
237840 728757
403235 734304
382241 869169
347731 546867
155046 293532
465215 603443
398376 850962
317877 498755
17595 31850
377341 520544
243534 302958
471938 852715
236409 577495
323565 583820
195545 230749
391796 659839
450409 920008
34462 261249
108596 524389
345037 375523
210068 307458
212306 653534
143290 328382
435275 868413
387066 597406
419270 771848
365898 809050
269635 660829
461414 522227
212111 369143
177422 652490
333333 572337
296618 475950
347501 788243
241010 650316
12862 289084
437476 854509
497100 664979
33062 433322
443891 455539
