1 10
100 200
201 210
900 1000
200 100
1 1
1 10000
400000 999999
228644 450114
202475 568069
511215 931091
116764 16609
784215 95020
471009 604463
523261 90465
490333 452655
34157 439872
75408 703020
196504 462840
521869 146366
37417 588022
892020 945238
355441 751585
198366 87498
839447 342790
232844 174637
788674 402556
581276 577462
711903 373888
845428 210162
625910 345252
700957 438833
155337 983380
805616 39901
32157 305638
587811 696153
293989 762492
71237 961088
255576 398074
477741 48569
229393 758080
315593 725299
372859 2498
712928 617689
974419 739758
975142 667157
197491 792730
604009 499184
257787 819624
481093 347540
501067 567523
601281 345576
757983 167233
133650 174655
514590 241581
427441 62363
976596 476176
969106 857483
458919 973733
586309 491806
166681 648318
825696 432969
659051 475610
921565 751342
728697 300618
909225 551869
86092 366470
904762 891527
313691 989224
877523 308784
118511 853186
120635 489417
764588 680562
582747 761165
109302 452536
207564 768004
488377 723879
787773 711704
914006 257564
600935 334672
561534 342132
255228 603845
189835 187526
761790 231925
314382 284593
477406 134151
493885 626826
136435 693376
941326 797899
250061 922204
806246 430773
423524 432981
169039 992254
700543 447308
363912 744762
290860 933613
511857 363749
628586 843164
309813 58198
418223 891800
31886 645886
299802 820086
812084 179446
28465 323382
52247 316504
768892 563899
24970 836688
11513 325202
755852 482538
263764 418282
388602 229877
800466 653773
185291 18465
700347 166652
646745 485141
632872 619118
214766 86231
248457 179882
928283 840331
670153 605799
123591 697455
15282 181198
23989 740939
896299 592611
696124 887465
55638 493313
537892 634724
988521 132511
900374 704713
98131 924507
918096 822977
100561 291328
992929 78048
583644 969795
99039 935255
848031 765729
798560 17058
52843 622639
87393 43922
443726 439180
465616 193257
220375 393299
205150 812021
57975 218889
446312 642901
485498 458141
621862 200096
921736 174880
509587 413657
344555 311351
240467 845004
733400 258786
243405 896531
931384 821139
828129 670736
512467 117421
497339 564011
981818 821458
807293 327620
931929 951934
179136 732766
146229 894238
698386 80842
215496 734176
302371 876253
492993 565966
388469 100672
475064 542402
773869 690719
347827 556446
466287 365774
212972 589978
994579 529100
257882 393224
922632 575801
877148 354277
171952 193713
443182 237364
772168 552841
689366 536380
952724 975777
655775 488097
996644 949725
498215 735880
759338 251443
183275 759922
88207 264514
892144 453462
634950 793813
619039 512802
633911 450218
29955 538830
690019 229895
595307 818009
89312 119455
792287 164569
855804 523148
112090 819163
671949 305144
101467 777218
310753 243510
821689 685121
227175 787998
71554 840472
645615 646173
792815 740688
7026 55912
223494 622284
923550 164332
691390 834036
689637 562396
866355 250372
603667 324526
264998 872155
457625 226020
438873 598055
194051 307099
457789 856899
817445 536277
676354 398981
381644 905087
496429 971368
716066 746243
66615 605355
455378 26102
195767 117536
668063 590279
261154 190106
821260 892023
822823 687016
61496 786835
374612 44587
13347 959736
699776 156199
988033 735373
584072 742373
49639 349055
706325 18523
967365 825921
279500 692830
431250 154503
186631 95842
489178 754492
440150 563717
930430 438077
364320 761140
90820 150790
607503 925225
369094 718055
966666 615129
982530 266378
2461 650775
287586 376554
623143 419394
143863 942664
660313 808839
221621 570083
526631 767322
640710 590927
221590 19209
850902 931563
35049 26263
995382 480619
799120 35313
280361 127721
787819 579947
760386 84467
784194 342493
683100 942508
633741 783111
49041 193194
206574 416429
611835 11245
961302 602437
438773 670782
358956 509110
707116 6909
7584 690838
220342 18825
968355 978571
359426 743796
277601 651619
797857 135464
311122 276296
282983 769016
129674 707151
521609 801114
667773 235816
556711 486973
12560 355008
481358 754721
714474 283038
743516 135464
125532 841123
692090 915772
534918 868764
325968 260309
702994 72188
501323 8806
600848 90680
558403 790402
4261 638410
71123 946589
822178 48525
407218 241824
690679 796322
86336 856002
82657 76174
78171 380504
890563 186595
866523 203896
277322 843830
796779 95453
495953 688637
135461 69646
233270 661941
539542 433588
109149 258294
742222 774734
571665 226150
252198 614903
961376 68675
619225 716255
645224 282226
610698 91032
392544 648787
434141 90412
376598 391716
602709 379331
90269 437047
682851 505147
892912 77350
713750 538403
671058 314842
579402 872681
63833 807340
481162 439916
822158 290201
47114 646371
342010 345197
851674 889510
667487 171315
464227 982649
685483 235003
609367 725740
909218 26958
280120 294244
899058 859867
136592 848948
614129 580152
886024 384412
718248 452477
229936 836091
23487 929857
659098 293741
231689 797891
305236 556673
775870 148342
352933 574038
357305 428272
32899 501212
666395 763678
409321 869199
758910 362401
548769 189754
558512 786995
962188 33517
114659 615983
302188 520536
485603 527763
527039 969929
236917 339269
713686 378933
571242 704093
493347 876353
740404 809083
221872 436087
196164 305148
667233 292404
997335 673156
970192 843996
459474 264688
477459 900747
800441 32859
175281 288555
182109 876710
395427 310054
585464 270157
817824 809178
86960 377829
674789 148876
113384 346774
1795 699732
231464 444826
382521 824631
174212 205041
911386 587960
490096 260611
242446 130430
24860 572229
337993 841882
740763 970730
652052 153966
615057 195073
115178 305876
604144 550057
829078 279503
991623 108353
642694 900741
528086 692268
403465 909024
299142 243372
489791 149098
299921 488537
576948 48388
498491 671978
744806 89766
104725 823246
393856 13554
837468 297995
211559 792927
744333 5694
693818 109880
551601 542220
503810 912384
415369 445119
287938 820743
503429 6619
665060 668596
326167 383765
877098 930261
797962 769957
695804 999624
719160 833293
645539 645118
395938 247527
648615 998023
898920 89003
230210 226929
365160 681405
88826 421824
272435 184433
670411 228143
201962 654475
204469 432266
325622 549473
947146 62800
79481 618846
409794 691833
75992 173897
29694 114686
781523 493603
479849 512544
887018 329652
404755 338193
454098 343301
25549 283895
173727 233246
893089 872447
938311 515927
733066 775479
392911 649457
280931 28668
515643 351815
338372 768077
892501 667396
970345 214969
433306 48045
626062 669302
941822 760597
389918 860135
827155 481185
706104 568678
733661 430425
991090 174372
140399 35272
109340 269309
247281 508582
930244 317719
186308 55670
128723 822349
300293 806167
324768 677369
616767 437795
480224 868847
780860 137799
623351 36514
736866 141239
486244 944453
144749 487343
438804 979823
897519 308984
883639 880266
792210 985852
190725 948239
260252 278984
403224 434900
326484 105817
562318 902735
804573 401565
620019 130937
481442 102910
124409 935426
101705 830459
493578 887571
254810 606475
38935 270404
374254 638877
11158 651011
156390 526851
188204 819922
259208 105350
634217 142836
933484 192756
745087 390889
86197 197660
268402 188013
715902 230725
911151 73261
347561 407167
104628 559805
777969 412727
493839 117292
679407 381973
321299 991021
406826 677219
386035 982822
440453 710496
763439 154695
252719 859405
460345 685958
842116 447982
349994 216623
587131 801499
862910 753801
937205 466874
416637 160343
547898 74400
506534 676137
348400 886935
620006 958570
241962 40644
807313 846885
182647 77230
80706 706690
923268 519913
830226 489531
368077 447273
581151 7994
505396 914174
148093 605067
182135 98614
792215 438894
129909 918757
198734 647577
744914 504455
712644 543010
275560 264610
295769 182254
845608 591767
199394 830614
839209 345583
324036 605211
176173 177964
724835 17111
442155 396262
953148 542315
439519 447830
638940 681651
573744 284763
855611 654558
664509 178559
579099 74625
589650 752086
919084 894816
623493 729978
550240 51169
871829 741939
67123 42094
989624 280782
605135 70930
782470 552171
541135 22563
995570 129794
220155 671948
458857 378703
433472 770685
447889 831483
773339 684727
459522 786343
183228 805556
707613 818666
142666 859701
730370 713761
759626 134343
740451 431463
332817 105295
942876 323177
997138 196566
929291 390319
518941 413283
552497 346234
861251 258097
804902 594049
124522 825115
240665 270190
95187 163666
781975 626377
572116 635778
10412 886702
851981 201164
110793 49210
766995 100947
617320 349403
172577 260427
509505 887495
773877 91431
594442 670166
628688 223199
313237 183959
472002 430642
317692 969403
616871 118311
616435 420383
739076 123411
787208 610156
556840 5762
367490 912591
823460 239845
642334 308941
710050 180421
683816 971908
363606 633240
719533 946088
830112 360503
817799 480106
823109 625086
22939 18381
3478 88940
456880 193664
651793 450854
750974 485624
260117 53049
60754 758451
460105 991999
734219 101887
895938 460068
814830 790286
856307 102230
799118 909197
305032 108446
551092 13891
116281 856163
612471 755757
684233 249223
17656 799413
445939 995914
105830 341493
272616 192831
458381 225825
910898 671849
527485 476587
842282 260675
863059 734415
640410 941317
230604 393183
171116 915119
277991 118528
182876 20094
700059 458177
798480 790305
80684 109626
152744 511223
831823 490786
602449 808201
789397 197042
695026 623965
26177 63611
708057 312905
871608 673809
238723 609561
317110 552843
258377 33755
379188 768087
808091 123484
67213 183973
489056 35969
1039 915028
440935 984564
562665 53387
419205 127428
952288 191861
471760 999089
155319 177637
483981 131815
667283 731888
116640 979637
368922 667676
870197 544048
662718 188613
788071 958734
768177 3583
549666 154387
129745 10017
601074 308712
996954 403749
558927 928250
713886 396657
84521 101875
15363 79221
963238 430914
831912 702622
418959 250528
535800 380541
899956 477002
289800 898139
111524 7626
741023 675472
337401 76576
758303 399823
957761 925852
506545 187495
796501 950433
93402 442660
721513 114553
906945 974180
476509 216459
506812 998915
65440 891662
835233 418812
756014 427909
705598 395598
594824 843010
547197 381833
960574 339742
513556 560142
367460 452793
485450 452784
788054 416580
960110 991605
304197 802225
496627 285391
672794 777241
608649 213832
339307 576854
596395 716087
760343 461223
223596 355667
989627 407479
968236 634915
422053 902675
548691 742483
884722 506270
525 303190
108942 805999
361886 688159
99673 871655
342865 168000
533040 522486
815022 829742
248756 907370
258654 711936
76423 677123
263706 347207
447736 110971
99366 636807
253251 51055
35834 691313
253786 404165
496559 25235
110194 964135
668701 148808
390041 250721
890799 297715
854430 326173
154132 592658
605042 584309
423193 226543
609195 68902
606725 870425
983778 855641
970474 43157
211432 514138
882633 269182
104278 28198
34693 146579
270637 727944
366407 289391
25299 422911
594917 649302
751516 851008
736709 325102
301466 173921
690032 221120
162026 335595
461078 764413
871142 598295
936117 865222
918903 229460
762987 7758
421507 219334
507730 413812
122070 882185
896959 380753
543285 21711
500719 197014
423325 383447
116578 994917
405888 484791
17668 594576
508907 805942
482297 756271
961161 628969
540033 611737
477266 867024
327178 707300
348303 725289
319767 180832
120304 298707
697805 488722
4499 532748
760841 358921
730751 385865
673747 372374
27170 316000
836618 270248
819248 114382
271362 695856
6157 650367
370734 56561
530037 788987
744037 474363
900322 130093
706147 386600
525770 697712
237958 992821
609896 498739
688562 225654
339330 227479
248430 170385
443613 685584
77175 93666
93975 229514
181675 541785
625170 256938
235263 886037
544714 983892
870425 528753
252676 770395
426330 678039
676808 977755
682153 783113
402441 765439
254025 567104
976322 313042
244691 282141
688189 502216
331816 148394
497161 323042
63000 534569
259237 380897
556436 950131
15212 410534
572913 140127
388829 554438
852603 615031
317943 724149
971151 954808
935913 65423
378426 321699
722626 154989
910802 206463
877185 218287
610728 31852
535773 750107
590250 250100
292883 870614
212605 686322
980196 994314
978201 568386
177892 573583
790725 155050
310926 800462
914335 872485
869326 357287
482488 750131
907342 700373
486880 187716
613757 425914
770046 2729
838354 465250
238208 342940
253083 632358
220612 781556
163263 32406
967501 57769
490132 492161
307262 472193
833777 904814
676755 850524
479240 677020
568052 153495
123575 122396
250448 475334
446294 186164
511409 477111
86054 14574
913680 961604
755398 659784
268849 624325
885312 532145
644978 387836
319655 229639
43149 317302
507161 506250
718721 380502
986394 461924
265966 311460
722401 447389
852703 455674
907880 341984
799008 363744
948177 682039
59877 909634
43357 238605
415756 36639
147995 673166
924055 24675
778980 90992
461931 507038
269712 536727
87444 212932
478595 571910
415685 285486
446690 98139
913422 215140
25146 171682
950326 174031
161912 427701
158816 349793
213428 422302
879976 310387
397100 313146
883572 601731
617917 604168
170763 186614
683884 652440
918319 92197
823424 231527
930315 484382
967743 965774
6101 456195
868858 963453
699681 989375
91633 817465
902224 791287
786039 933990
536887 920118
110431 921828
69313 205194
722786 944469
85166 78208
6117 67161
13730 570666
501814 43172
14286 491934
342013 586032
709632 517968
64711 884724
451249 90936
909433 459677
333044 928072
653032 322505
99744 918560
676264 368925
165308 164614
282730 87707
780427 77523
217919 58270
683908 130365
166051 68775
574070 556142
216229 548138
616425 119377
338930 221896
293895 242491
688718 809339
494110 634833
689016 388562
594189 478689
738 340979
524723 982896
916563 790252
765756 46983
292140 369432
961280 774509
639926 200384
660394 41382
611180 927314
309299 139869
705062 794436
423168 716109
688111 690220
215846 687274
599377 687873
891021 997695
694737 81957
