1 10
100 200
201 210
900 1000
10 1
200 100
210 201
1000 900
1 1
1000000 1000000
999999 1000000
3 3
10 20
100 1000
200 500
2001 2013
589 622
830 503
636 155
852 272
697 628
443 512
914 754
321 585
87 716
327 140
702 853
686 303
140 545
604 536
193 396
982 354
717 261
670 370
577 553
955 279
21 897
681 539
316 133
225 563
747 645
335 506
119 436
74 227
689 760
395 269
602 274
987 208
892 239
438 185
126 237
595 478
214 700
802 561
580 750
1 507
334 196
253 494
975 64
438 212
788 397
728 575
112 906
886 861
668 648
274 73
848 843
872 627
979 559
940 841
659 966
342 444
451 991
963 464
480 562
805 707
593 974
455 952
25 321
437 914
96 443
161 667
504 801
234 267
424 692
519 110
535 149
808 930
659 648
114 529
859 956
164 271
876 656
15 86
111 507
876 964
125 128
482 257
599 199
590 134
49 318
451 501
380 612
626 239
854 846
144 443
231 714
279 398
485 36
653 406
172 482
75 101
943 95
277 737
247 469
190 117
152 29
435 6
185 254
364 468
937 539
48 359
740 715
440 222
243 168
83 171
482 766
370 59
657 65
888 250
213 140
366 535
882 626
490 953
160 809
665 874
379 283
42 522
998 311
382 171
495 343
188 436
980 687
598 984
763 210
747 936
37 972
850 944
558 597
520 129
308 124
152 826
277 430
82 489
755 83
389 75
987 827
914 655
979 8
39 440
966 765
20 822
632 598
450 198
324 760
55 986
160 739
547 555
440 747
84 271
832 220
579 477
262 657
585 58
389 522
793 714
55 819
896 745
848 82
104 835
275 661
760 697
180 961
820 661
898 553
984 236
676 797
211 48
876 353
534 231
400 27
454 234
725 329
282 942
936 101
583 349
271 775
896 119
43 131
757 306
387 157
295 632
327 78
397 858
810 828
593 803
691 893
661 525
390 661
359 221
873 744
112 767
422 830
474 798
51 336
508 400
553 108
131 407
931 802
76 754
597 788
310 81
623 870
446 896
24 376
597 481
245 704
650 103
556 308
53 808
497 432
748 263
654 736
718 771
62 944
162 901
617 831
418 977
480 487
415 775
393 931
825 329
762 941
552 45
440 855
344 568
442 357
406 1
117 835
81 826
264 643
883 411
163 370
233 350
51 641
363 551
793 27
913 284
41 920
915 6
789 610
198 43
83 556
698 797
36 821
440 203
112 178
849 6
341 934
385 148
859 962
58 745
44 897
342 542
54 509
596 199
283 817
888 174
100 166
667 829
318 905
390 839
653 813
777 794
444 289
386 574
520 208
107 128
484 184
340 420
893 181
483 792
329 575
891 657
771 931
297 51
930 477
504 72
530 431
722 907
216 519
821 48
254 375
323 755
823 893
40 748
600 909
491 654
64 628
57 787
845 67
842 508
242 269
738 316
45 600
810 79
251 501
333 303
542 41
286 166
34 575
922 459
75 838
473 193
657 470
753 973
473 144
179 322
201 421
633 546
706 784
791 624
443 508
517 138
45 966
889 334
278 684
991 319
786 720
307 442
256 583
67 402
681 36
294 14
580 169
929 103
511 563
835 459
922 120
687 145
69 342
211 74
643 483
770 172
546 45
760 772
55 343
996 238
80 149
731 371
867 710
221 78
158 876
223 629
471 169
227 791
759 641
454 201
957 227
170 299
474 902
211 480
993 34
963 310
435 956
946 2
822 116
394 237
966 363
575 323
294 571
15 220
833 465
613 206
217 696
867 379
233 558
678 890
847 292
917 611
683 373
450 633
7 114
1000 38
529 656
661 802
362 218
278 690
457 407
190 21
907 643
639 706
238 967
644 595
354 687
814 627
111 456
258 558
451 80
5 645
659 473
340 194
220 568
681 804
94 763
955 592
362 368
333 815
413 516
641 945
718 637
495 180
313 247
39 634
508 251
573 592
452 778
150 225
633 80
830 267
246 641
736 654
976 491
637 841
861 546
611 580
359 163
925 910
287 99
601 254
23 847
675 417
885 598
968 975
417 900
226 756
224 503
777 970
376 46
435 674
158 4
105 890
348 281
747 114
951 362
862 271
561 349
932 214
993 697
347 482
519 947
2 475
235 296
150 267
175 24
471 14
722 512
307 164
417 658
837 851
824 838
20 62
512 231
656 570
959 683
472 263
869 844
987 235
762 550
437 246
602 122
705 922
383 789
504 67
863 448
280 137
943 587
871 376
847 985
921 430
83 600
128 748
361 95
128 155
43 341
261 785
860 674
146 941
947 37
953 899
345 444
662 847
613 7
630 4
624 846
46 977
524 618
55 872
56 924
1000 656
491 587
692 505
617 192
564 813
814 604
731 253
190 13
312 622
326 255
601 612
365 261
719 849
329 702
301 303
857 602
198 516
486 108
208 515
191 988
71 724
865 989
915 377
531 670
483 130
811 810
756 597
681 496
471 104
125 998
457 989
56 697
890 758
22 820
25 118
843 440
685 966
162 406
108 72
963 193
682 289
145 653
111 894
836 876
882 835
222 75
642 591
508 768
923 615
44 678
604 360
624 588
133 57
113 673
544 648
981 734
867 92
730 875
648 714
274 18
860 699
751 434
677 870
962 416
369 88
213 816
715 702
320 642
16 496
527 507
459 358
156 629
629 72
480 686
799 15
372 346
372 249
373 231
519 824
171 502
276 68
456 367
565 560
715 211
80 970
479 262
209 406
489 231
996 711
734 747
826 111
644 73
153 117
515 301
652 939
519 60
524 328
121 955
43 259
953 725
443 444
476 570
31 819
518 392
266 783
232 673
284 250
772 643
38 833
621 181
854 692
71 229
538 284
27 250
371 182
549 909
569 939
307 401
518 889
35 231
123 559
529 302
258 95
919 480
861 423
835 791
944 490
773 734
158 420
65 554
784 19
135 776
21 373
253 651
502 854
413 928
409 874
299 779
750 314
66 514
871 432
568 465
3 582
502 422
943 238
33 91
761 387
475 972
850 120
800 400
481 461
610 660
855 450
134 274
196 598
251 21
749 385
865 203
945 485
83 983
632 164
493 76
403 606
91 386
308 438
256 28
591 880
617 229
606 936
469 662
489 797
288 119
230 144
488 688
421 6
181 775
898 549
379 585
550 111
229 522
927 500
152 875
800 80
329 41
736 165
277 334
498 762
369 506
141 494
276 573
278 816
806 55
393 193
754 826
272 702
349 267
95 606
315 54
85 725
870 202
427 109
883 689
820 220
213 319
698 998
863 198
487 992
5 332
405 216
160 902
227 920
446 341
350 895
64 149
188 325
268 356
949 82
528 1000
488 646
833 247
387 406
178 26
21 313
567 969
726 489
491 2
928 373
323 974
477 864
895 900
650 536
128 985
737 903
772 96
484 269
182 597
675 452
238 316
437 491
422 949
887 608
859 604
442 158
671 876
554 795
690 673
434 529
847 681
119 880
350 634
480 61
716 210
105 221
850 541
216 113
435 558
295 123
185 163
67 531
800 217
355 433
220 949
103 2
389 700
762 609
836 120
145 45
547 926
600 571
895 521
447 751
676 488
589 972
788 282
424 42
988 220
352 580
987 306
720 383
891 102
903 223
995 486
853 195
578 806
138 169
460 85
886 247
656 762
19 393
805 865
30 300
162 434
441 742
737 995
492 551
46 728
603 49
686 716
946 272
821 365
602 667
576 425
619 908
811 982
85 919
83 176
450 385
275 685
605 703
338 299
206 516
417 621
535 951
818 541
755 947
697 563
740 79
955 64
340 948
36 72
15 679
979 108
940 215
389 606
447 213
955 609
707 564
482 538
945 744
241 78
333 999
562 800
139 787
605 662
678 514
844 626
268 934
119 255
947 93
111 183
484 123
806 777
164 177
857 50
6 660
487 1
182 172
399 859
804 276
493 825
195 910
664 44
995 743
943 949
118 214
973 393
123 999
912 201
367 16
990 7
506 157
729 954
29 923
864 817
544 24
638 28
87 651
994 677
320 762
204 968
356 658
973 179
740 661
307 357
485 569
88 967
998 538
942 454
444 752
859 421
843 761
845 274
203 60
570 979
424 584
719 960
609 731
692 33
337 866
36 513
876 42
23 767
119 386
751 731
869 46
999 731
396 145
144 943
929 330
180 146
255 858
180 249
302 831
727 684
91 296
644 290
15 714
796 161
855 623
614 140
60 45
111 432
963 314
53 605
590 419
532 275
581 56
747 687
757 38
735 33
497 266
716 725
754 498
969 707
535 349
910 280
339 76
411 515
179 927
133 972
467 475
996 190
122 406
274 729
380 977
529 967
96 836
993 52
943 860
171 65
728 939
68 505
235 981
562 365
641 179
569 448
532 770
94 567
210 95
852 579
409 181
815 952
303 464
346 150
180 891
441 310
977 537
568 918
235 102
709 1
990 99
915 448
827 172
133 230
872 435
538 803
137 579
927 887
297 704
618 875
996 231
986 387
384 46
152 901
705 555
304 479
873 854
88 936
404 146
557 970
683 510
331 464
188 539
532 507
48 791
875 639
145 993
202 249
366 571
304 878
344 335
623 329
461 466
644 830
332 986
547 67
446 461
403 648
40 668
93 807
923 498
667 983
203 679
5 469
704 307
673 237
575 971