1 10
100 200
201 210
900 1000
58982 984957
245948 552839
711537 777429
120660 449091
475759 619192
889063 976370
491501 732418
84150 294349
84179 927233
294734 820115
18001 604214
21688 388610
698190 806365
31910 659924
11250 992916
423319 992886
491848 546547
618931 885534
711974 821094
264561 290250
209637 625798
241381 855484
645572 704137
429351 717077
87321 177579
102462 575532
482151 523743
226945 764695
22720 280773
293417 737430
716524 990087
137142 743647
112475 745508
478428 718026
708981 862572
296237 733531
510604 793137
296277 750118
588049 750678
128462 254086
535677 977244
638573 822457
476357 598559
430949 885625
106482 725956
114078 528267
162886 199744
333064 853006
117498 226405
796352 848010
177887 971240
707330 793068
392461 606146
490616 667421
324874 723630
137464 931712
683774 749906
753163 827288
467556 761203
225514 387774
708323 861350
78819 935953
3698 728600
71895 99644
411317 553550
761738 986499
663632 951253
195178 958595
70547 182696
43060 475015
405606 440967
139054 575967
588983 870422
159254 409801
541125 715001
374802 818266
789593 822203
690160 735056
343804 668030
703650 863388
11458 547702
873659 974154
17345 361711
178994 762790
1809 119981
26936 514298
174822 532822
7006 223921
221755 828086
312126 609720
835382 924233
286427 395662
247279 716919
269485 382797
502758 970025
150998 928043
613730 997797
676008 807179
502366 731162
269357 949289
190910 543871
421280 944249
237089 763926
63713 614261
351879 902803
328718 775534
221619 391060
130365 897779
539424 811309
525367 757230
214098 998903
303369 454688
62618 210694
473912 991738
3065 461391
227682 881936
544941 769850
722530 780498
692594 750819
28986 288875
460004 481077
237535 467123
301885 353268
430534 893389
564882 645231
636527 723238
266635 389676
315917 908811
883738 998493
19040 341843
323615 766203
152677 441719
870942 950633
36409 120189
548196 610459
335751 603488
183034 866306
788556 915923
91292 443874
769762 785235
129021 825134
215518 775511
344534 530009
329073 903878
45052 456328
204629 696348
314884 371419
113664 845714
671405 698342
644103 707420
254767 628142
684882 841924
149949 470327
426237 589834
621733 821579
550820 651362
855776 937825
592371 611526
180244 784712
553319 930767
49937 184201
54086 192202
826443 903584
417644 714636
454878 954058
828362 841135
212241 612883
395071 743318
90235 481961
518373 696157
122070 657002
204789 602766
288338 825297
198982 219721
78366 681141
343357 964607
326932 592938
361108 710031
726521 759412
610997 734592
30192 793782
536637 638390
582866 836080
269666 392847
178291 765117
15020 282961
478872 831226
445061 711631
315256 439749
511048 999490
548568 825129
625106 898650
380051 604077
51180 860272
63996 886078
86086 475224
366355 406231
394902 575099
754530 813592
26469 233739
15071 253850
519383 540734
257358 817178
203239 728343
349675 775648
491403 868712
812283 960387
319715 584004
418353 440028
46706 456045
336569 677298
139922 215252
19607 860339
92622 754121
103841 946461
462216 503788
309524 980997
691138 732551
470832 625603
360134 892414
323783 762555
447678 654099
333683 457273
274966 921707
234096 652241
414021 739660
704606 740485
173054 326590
105501 245625
276883 585691
322382 629038
467041 748439
577885 583269
576533 819069
974802 995268
727615 878960
121712 717123
20028 31841
399486 630359
130910 205571
797117 895203
550655 866086
98226 886428
153042 754375
96987 730646
196257 597173
74357 305215
539404 692224
959421 990147
891431 920977
414038 963276
672084 995533
92838 643750
144688 627790
96120 287198
99580 883057
210209 653922
284690 912744
313119 740799
195615 263390
135762 782037
84136 333004
330632 524310
749398 836832
270637 510869
201063 877794
23993 152842
142366 756987
419443 469447
114918 742351
854210 947884
248177 515969
81236 799364
79988 422236
41030 936642
253025 757990
504591 929622
17129 323198
46060 794841
563167 927106
107484 779734
260083 628401
36795 660268
220125 920919
52594 273979
128317 143997
391800 528584
238944 261136
407989 493274
273054 577079
224144 784264
161603 336935
185782 378138
721622 756378
213237 653336
289693 727213
459893 794495
204029 957282
596681 955547
332029 549975
53772 937006
322641 531234
55182 322334
201964 527742
80245 870488
219490 606080
263309 772323
116736 905657
27027 103816
242454 619141
923974 957057
200478 749982
837586 956858
637455 879602
340220 591069
298794 370765
390564 844829
858840 978587
57976 102564
462832 988523
304316 546486
53552 401056
58369 634274
90181 411862
530429 802772
433446 600130
736824 950661
493300 827242
132380 875437
437093 883980
863901 914024
561240 567309
106733 487511
445918 661856
224339 372500
142361 198250
76290 772503
314954 906940
914217 999881
830084 911564
126230 885351
836532 949352
77219 595459
270164 497585
88647 756333
300017 469141
743643 957476
422682 663315
658418 699650
501096 529785
333274 558926
18576 463328
252314 572253
513459 734223
364770 765899
144910 467919
550086 601910
548522 600611
338792 898958
11320 968856
646166 909168
444891 656174
549877 575682
115305 746916
296010 655517
761970 915049
281000 339825
686328 861822
333646 927985
366326 820752
42458 309200
327790 683355
204277 840480
254052 842446
816445 902243
192919 708317
485957 847003
363932 473389
152445 158230
579696 596532
329049 694166
386547 743090
235073 262826
31622 676565
441958 507146
542829 788820
372196 697019
540271 871074
301309 464727
483552 775082
361739 642412
326971 470153
117060 747492
852267 860375
234598 457133
439445 613499
39473 136066
503797 675450
613148 856923
365520 924411
383202 575215
161996 243372
102068 857862
457127 880797
522197 754796
199898 514660
376147 507267
344253 760503
238011 518738
417528 626812
564494 784472
957299 990451
789826 933031
230434 981522
79839 318250
379144 864926
363795 634410
658281 779055
442139 639331
180624 223794
396742 403266
456318 550993
958967 992499
72633 523378
327528 667381
300351 444243
412584 854210
272766 941764
371625 814448
262372 863810
79475 667554
135856 277766
541343 931420
38701 894682
68671 712242
796217 964301
71951 376025
458711 781348
878190 906672
112087 797237
498782 760953
863350 925084
5340 690322
378626 481912
105867 995252
695096 813007
602130 631739
119540 979744
354338 358716
761370 950168
389349 803984
444121 693795
86324 383034
256860 833400
457428 995781
166030 344110
823720 899005
332510 713171
221236 966781
205740 473422
37340 187222
209674 537409
439235 598837
180469 639000
49889 319282
270420 307345
44271 89160
234734 835151
794023 803799
27908 905007
552261 578034
263723 826380
874903 940452
85191 679497
57424 340207
879294 880089
172306 819546
88059 294657
474488 916390
268954 354909
457581 565849
126580 686990
629250 840502
122797 987352
287186 332243
97842 668649
10771 46051
19965 249346
211563 745460
409946 526333
390890 455601
270450 470258
348425 579721
16489 277694
456827 992359
556289 898418
76417 239158
81383 784000
341659 691824
95752 585844
78758 685103
552336 688014
155739 251582
127905 835283
217646 752664
360017 534764
63970 998394
203110 707529
244972 423713
171908 917984
350352 772152
367474 891006
81572 457008
775634 930173
344343 456074
621272 854772
629610 808305
351689 944995
70456 468178
401011 774199
285144 942729
256988 523030
893073 969504
194413 846501
533784 770083
143826 769734
747187 901829
438956 539577
294389 577219
906397 987372
284467 734870
549398 950845
212564 252060
824608 960336
268321 514388
321874 979896
591603 964855
378990 598632
272607 606472
78596 997227
753772 830900
788914 844353
178318 445872
309704 771334
42730 438292
128900 384564
285162 916204
422673 488376
251269 819053
438869 960190
78974 178861
393285 849724
153568 256861
208198 913700
99475 197301
246202 977960
513921 550216
653355 823845
244867 818357
6625 554932
194080 769032
668078 910780
60601 779712
487051 854828
6410 127035
830546 993994
512849 823204
252618 956501
222095 566365
8344 674477
263828 320975
169797 443623
539934 881149
125508 949570
107621 924411
409528 513979
789 380405
587831 995945
166030 401766
553050 926205
104932 272221
147934 586500
414745 594819
21514 296910
94429 617137
791511 842283
466928 895704
381493 925141
545585 943411
723978 971926
340040 572834
11435 219723
421770 457560
312390 483816
346167 989411
445091 863027
386339 927599
72947 346571
309005 437305
158383 247116
510802 623422
119324 522983
185921 591768
532220 591499
24786 982799
434752 968089
497299 816473
402901 583467
23927 589769
667242 963096
438124 481716
38772 543340
327120 846274
22363 313787
203762 479981
563655 802848
166069 332676
96059 134229
87752 902484
66022 887901
19665 877012
6139 611183
27211 592035
428413 643712
367012 628471
202028 352503
230111 716995
368138 910623
388241 390672
388945 963428
80594 997077
563817 589569
392290 822957
747517 839551
624436 867101
487322 841328
118465 266285
584835 973875
104824 954354
789882 946605
878054 944992
203197 764694
144788 786781
327513 981702
182404 830884
40925 707850
423657 781616
504886 510951
267434 644552
270003 794872
503284 690485
514962 957076
469421 600255
622687 772992
553383 991181
384511 572057
103918 329538
781583 853496
122373 805851
156516 316525
232354 823879
476708 695464
553150 726685
346140 392090
285809 406491
226633 966773
34073 213763
545703 851361
218485 783066
299970 714353
584878 987516
262840 923115
590917 706094
719005 966619
177355 459974
243835 545467
985365 993638
322599 326190
177619 587783
102207 308607
672946 850180
477483 751672
792413 884164
119501 748891
271399 701515
198427 244036
225181 609855
143469 597065
84418 884511
57672 965859
346239 946763
20861 940534
42055 247533
734039 872219
48256 756689
755952 841103
223987 812655
484350 628351
191355 306031
210203 758755
96746 495801
384563 559376
397739 824157
931108 973283
121475 561372
552584 914725
482512 813758
301339 759014
576441 915618
32714 289443
207021 540302
87547 233688
240746 549705
316072 393778
327365 655418
123685 634216
383284 647134
221947 462630
620578 992717
480835 989500
66410 910484
557174 761223
276486 605142
155590 917998
40929 71850
779250 863419
379847 616276
344520 793037
540912 768142
277005 941323
131202 180477
216940 832489
77233 876377
569436 919581
380252 462068
19008 430387
471363 963351
472438 541146
103727 187265
659738 868486
86924 152862
264867 398546
416582 621640
145790 778764
46526 915701
241858 671340
410886 761694
32575 129466
609657 978120
649147 807620
305249 855700
13901 544993
415098 499425
802474 850253
13101 430099
78981 645974
371383 874937
607266 719718
137379 492886
248236 919774
742088 944021
217275 688737
183594 320151
178872 435299
582795 781043
856889 905931
59912 707264
700757 715228
18 14038
165497 492404
870446 996170
612948 863894
312820 977082
143163 788691
240002 285092
769515 779186
833508 964901
207890 742322
173260 990772
293443 597728
272367 590213
227470 378616
471439 590726
672479 687942
574683 726827
197507 665972
153342 639249
301414 764064
31281 219355
558220 819141
213941 701579
327198 961916
116951 601851
84697 434506
243755 396451
215476 562171
860939 925538
586041 663657
486904 932130
198083 344564
311475 689910
594400 903654
429027 591989
111855 973579
122816 388671
307298 584243
841890 847474
69820 487975
458034 478558
7618 637990
143842 732708
647956 940856
114128 119259
9031 849542
164357 432361
493164 740661
30109 952300
496636 896282
519862 543253
154306 832554
152299 222462
540224 793886
462280 652686
408559 952154
707984 959159
902642 923682
501505 690761
204149 377163
12738 520846
27826 726169
1816 830919
598062 982708
151357 627049
632809 846159
168011 763020
316503 397980
309235 893756
306854 483637
298436 838743
401904 651273
504250 763022
242981 408100
164556 201569
477667 592087
782116 810280
683962 975526
643526 673760
527125 741084
596512 600649
39708 172445
373858 904283
29360 666660
570550 907705
680367 772306
726611 976357
7377 122526
55918 875762
4061 869498
823771 933275
859995 931800
190324 726232
93663 499521
689805 908294
301702 363002
615504 865959
315270 807205
744516 781329
135343 563594
16584 705697
273256 951099
143235 591014
213433 324537
49236 179871
472044 772842
266567 337599
522958 564496
452240 822996
375777 976565
739798 739885
97182 749442
296607 900944
21878 904585
652004 827467
437353 755313
671100 892232
443855 649507
57308 387515
366644 436050
89796 685553
215645 654006
830349 923266
451136 994156
483239 828366
555217 732191
475865 623517
280346 721163
489289 635684
37341 471704
300827 543222
370321 968870
663999 912879
455075 469018
393581 604093
569702 573508
215061 836274
98052 449853
49686 949590
903439 951486
177522 651533
190826 226373
486821 513251
14404 667590
69465 685736
163476 254754
691520 706988
320206 735270
320699 484047
36528 248524
56734 69929
266284 310533
166375 648161
212056 357812
110842 881203
163787 407484
281691 776717
802106 872218
931355 960160
207480 670169
530228 609758
710183 733435
816987 880474
134888 550316
523104 960567
861222 970214
72563 220402
603586 771006
936966 999150
436998 645334
694536 751681
86038 181546
72065 843766
736367 976143
370282 859380
822616 898939
296043 408902
266640 824904
490771 565375
509139 531913
96931 592221
467770 836312
561634 732249
564844 655867
117792 175222
227942 562210
102907 499084
394361 428185
586369 963702
90976 160603
109706 933984
179704 820903
782563 943300
15979 628337
99263 409767
59390 780498
447918 727977
601372 678451
857370 898400
580819 962184
766649 772620
241460 981059
46999 209976
133630 893735
734059 975558
130531 379148
326629 643872
426700 522465
9372 673463
215587 657747
304822 888141
725851 991794
157382 427668
541890 942124
76905 422849
224534 517674
167691 360068
125081 144124
285916 594967
917972 960142
387804 580597
493769 518193
445520 581841
764044 803772
464485 611296
2462 5142
230739 748286
409959 503887
17205 778767
547363 624199
265528 561033
307013 877237
