9467 5181
5844 6543
3652 6879
4021 4799
7148 67
9047 3168
9343 9035
9505 143
2579 4990
6592 7031
9074 2276
3416 1508
546 8141
121 8547
4130 2699
3040 726
6083 3824
1846 4643
5472 737
4393 284
9500 42
4997 7721
9671 956
8831 3201
9484 1473
9374 6424
6986 2128
9494 7650
5229 9900
866 4502
4809 631
5998 5550
8578 1684
8126 6922
202 1641
4078 6164
1848 8371
2598 9230
7297 2148
2218 5399
2166 7319
9516 4109
2122 1540
4974 9085
9166 2255
552 9958
2443 2363
4162 3131
2108 6924
8383 2039
6485 7258
5206 6154
915 7505
6573 2594
4754 470
7861 661
3237 3268
2941 2410
7269 4963
4547 5592
7881 4122
8302 2918
5183 7100
4609 5794
52 8894
9100 7757
1270 776
2453 8611
2707 5306
2671 5240
1133 2822
6980 1742
5708 3419
6644 2132
8384 450
7098 1496
7282 6593
4327 9596
8086 7980
3326 3526
144 6972
3643 8418
3455 8808
9697 2291
4394 111
4254 7862
2790 8
1485 9031
9425 7153
2888 8909
3774 5939
5895 3696
1661 1511
5321 6155
4230 3874
4990 7308
6594 4667
6656 217
2247 5853
76 8332
302 4631
1888 3695
3074 2673
5842 2915
3463 8970
138 3690
660 6412
3101 485
6830 6129
2808 167
467 2207
821 6920
2752 6062
589 1397
959 5259
1418 1493
2993 469
5975 7351
452 9316
3607 4375
9969 8073
7055 1743
9044 9649
8801 394
7385 6611
6406 2276
2368 7625
9863 8829
1644 347
2535 9180
4589 9574
3313 5712
2232 7820
3337 7730
3904 2677
7218 9142
8564 4932
9452 2144
2965 1092
4343 9252
7217 321
1000 2982
9233 4259
2935 1135
9627 8692
1427 7265
5669 3747
2242 3394
5271 4993
5897 7652
4827 9017
5013 7253
4884 7709
2179 7682
9048 5435
8306 5254
1580 8846
7875 4352
987 1121
10 2371
4401 30
2708 6296
8346 9477
4724 4686
7842 2152
5196 3105
7145 4003
6372 6295
3333 7305
3994 3351
8932 8249
2327 1429
5916 3455
2586 5784
7969 2999
4723 5469
3427 8365
6206 9492
4400 7008
2153 6568
4589 2997
1716 8269
7581 7847
9236 1809
8571 3340
7348 6212
1562 7042
1306 9764
9895 1160
9377 6577
2487 2586
2439 1936
6578 8037
2293 2187
1132 776
8246 3957
3852 9851
1798 3804
6843 6105
457 7735
1082 4153
8454 2894
4896 7899
766 8136
9151 6989
4220 1615
2450 6349
4506 9441
9333 4169
3133 7344
4833 3442
2655 3321
7427 5743
7607 7266
7319 4318
1239 4955
8902 1269
3090 3991
185 4119
5896 3493
9529 8626
2639 8454
3109 2453
2287 3123
1007 6478
5866 4167
6132 2833
1767 8183
8197 2597
1034 3139
9926 1961
7169 5300
595 3540
4573 3285
2010 570
5851 3246
2553 6314
622 1163
4405 2548
9403 5035
9060 9208
1697 4452
2679 7274
5683 8212
40 1009
4307 9587
5580 9294
7932 8228
5332 1978
9356 2090
9142 2745
7980 8455
3523 1610
6670 6384
8437 2784
8210 4476
3863 2667
2453 9323
2897 7471
5078 6419
7486 7895
3590 230
3116 6226
4316 2976
2463 4267
1010 2076
9266 3286
1903 1445
843 326
2466 8042
2410 8684
9896 4571
2238 8059
8458 3712
1524 6790
5190 73
4012 7610
2935 3584
6426 2312
9492 7851
7110 3610
83 4973
8177 5111
6088 5340
6901 4450
94 621
8055 5725
9760 3515
2395 4859
3060 8519
3524 5378
2388 4185
6311 2703
4875 2933
9802 532
9353 1465
6335 6445
3283 883
7431 3760
762 3439
4901 3666
4230 2029
8416 4598
4350 1121
4947 9728
4695 8628
2629 8088
4231 8712
2849 1786
5956 2105
5201 4090
8062 3823
7676 1653
294 512
2825 8227
1562 7810
9950 5849
4526 6798
6522 7579
1896 7200
731 8782
1143 6843
5276 7195
3041 9274
1935 4335
6088 737
7843 9695
1721 9217
5426 5001
1809 8970
4842 9142
3851 5835
6918 812
9322 5221
5064 5120
7296 9965
5637 4232
1321 3680
8493 4319
5671 6994
5829 5313
7418 4495
9955 8326
9131 6402
6581 6956
6950 2548
2895 9068
6146 555
783 2079
8735 8356
5262 4490
5946 1548
7670 1556
5615 2136
1290 2680
9500 7396
5431 4966
1614 3976
149 1667
7851 6935
1001 9377
4619 1393
8571 8394
563 1817
4702 7446
703 4384
2145 5804
7532 6368
1010 8324
3759 2901
4474 3019
6501 6533
7240 1952
2088 321
3774 9675
171 659
2066 9117
9763 2727
2802 5107
4946 950
5032 3796
3840 7182
2661 7402
3240 7565
6076 2749
4892 6316
7726 8090
5302 2521
5486 9891
4621 2204
2417 8273
9792 6779
3300 3316
6274 8873
2041 155
6738 9209
5951 5422
6885 8944
2092 1448
9170 1560
938 1059
3274 9361
2284 6236
7667 6195
8412 2789
2927 7790
5330 9129
4781 6546
5618 2554
2924 3130
5523 342
9351 5155
3752 120
3890 4219
4125 7803
4240 9045
8847 2825
2670 3033
8183 4466
1215 2583
1365 4680
9924 9820
8246 1447
7576 589
3250 4626
1461 1408
8964 5048
4871 2971
7079 550
731 5156
5561 1894
6980 3159
3470 9589
5434 1926
4388 626
9262 4202
7007 4514
2991 248
3984 5712
5858 1631
150 897
6802 750
5569 4950
1012 9843
6831 9036
6405 7341
5766 2621
7650 7619
2013 7913
7444 2573
7143 6831
9606 9760
7596 2548
6820 8024
581 1335
7778 1725
2516 3147
326 4568
7246 7267
4419 5087
9318 205
1875 7676
2392 6021
6543 8508
5214 3850
558 9267
2962 2109
3129 8332
2641 229
3783 8174
264 8144
1562 1227
9902 8532
9732 178
5710 2196
1991 2004
1775 2478
9368 4723
9121 9089
431 5079
9702 4539
1870 3226
795 1601
4188 1651
7810 632
4716 5920
4062 704
5007 2412
6089 1392
242 3984
2981 6812
6533 4294
5725 7523
5450 3800
776 3829
8726 6919
8170 7698
7655 8440
5174 5085
5282 9032
8947 5904
9928 1152
90 2953
6660 8356
3145 7634
3300 2614
9064 847
3265 8728
9878 3968
8188 4542
4766 1461
2375 5665
956 7169
7758 7071
421 2072
3504 3376
9496 3650
1438 644
4640 9329
2286 1048
1459 7039
8380 3464
6186 2897
5246 5086
6396 1784
3634 5912
7337 3206
2471 2952
993 5549
1157 4373
6671 7971
7626 1438
6421 2066
3809 3455
7077 668
6673 8412
6744 9771
2303 5786
3055 2966
8593 3421
8597 928
6273 1932
4269 411
4298 4801
1916 3818
1842 2220
3285 5892
2499 7879
2366 4836
8791 292
3756 8476
3424 1379
9375 7290
5298 9424
1084 3555
8622 3865
3 1596
2555 7549
5420 8424
9331 7775
4947 6156
9511 3914
3277 3294
2208 190
2662 3019
1251 7017
1289 2103
4688 8242
8795 3823
6456 6670
4276 7211
5656 5653
5899 5088
2870 8750
3869 6162
4439 6855
4473 9062
9770 7729
539 8725
6885 8904
7635 8588
9994 8577
6129 7104
2517 684
3904 4944
1221 3656
9196 7091
8116 3286
2593 8992
2949 3077
8753 5900
1737 1564
2402 4717
910 8903
8066 589
6517 7049
1639 6715
9742 608
7015 3676
7330 8981
6769 6703
3933 1346
6023 333
5398 2719
6345 6623
3708 7765
7310 6874
1182 3811
3921 1477
9239 4015
5350 5307
3829 2180
8216 7820
4357 521
2112 3582
844 7123
2308 4577
5924 1345
6857 5391
609 4820
2839 786
7007 7474
1560 5456
7466 9392
9195 9426
8298 2044
9468 6434
7801 2941
1160 7554
7697 34
9695 9978
2455 615
4811 8505
3134 3191
3223 413
5930 6843
5374 2733
9714 592
2290 5491
2225 8502
8485 4823
4857 5940
4519 471
3556 7513
9820 1139
5592 1646
4601 4660
1846 7048
6923 6797
5888 7417
5541 8153
3237 9526
2660 3556
9098 530
2288 6150
678 7209
7665 2570
6922 9098
2875 1868
5595 5516
1256 7265
7341 4673
8225 97
3294 8391
8168 9647
8877 1851
9909 1129
6405 7625
3563 2666
2185 8302
6871 3597
878 9694
3396 7309
5807 5058
6541 6487
6449 2745
9328 4721
8325 3599
6859 772
2547 4171
9575 2596
1545 1922
4029 1536
6303 537
5113 469
4437 2919
10 2877
1852 5097
8946 5380
6574 3872
5040 5196
7868 7605
8888 6694
3906 1260
1004 3777
9864 150
2314 9599
6920 2320
3265 5874
9094 2825
7328 5415
4273 2945
4109 3608
4357 1613
3999 3653
9835 4519
8697 5917
5534 2131
7716 5910
7273 1644
2071 1420
6706 1404
7973 7670
2606 3610
436 9748
8176 5662
5077 788
1505 4112
6325 8613
8765 479
4303 2722
1912 6701
331 1232
2667 9303
5447 5811
3039 1299
2769 8618
2101 4562
6494 9499
6575 2085
6570 201
494 9115
6765 210
3386 6328
4885 4581
5559 9090
1654 9825
5434 9493
6939 9016
1752 6711
6599 5970
3831 2933
1229 5006
5364 3612
200 9411
656 7139
8088 8229
5431 8997
6266 8531
3614 6621
2770 7438
3785 2251
6423 7876
5574 8563
3308 8633
5145 6500
3287 1911
2773 4918
2463 3596
4036 9341
3735 3650
4227 2026
4129 2349
765 4560
8177 4157
1794 7956
9759 4338
1284 7965
8664 4223
366 6603
8450 6520
5570 7221
9338 4565
6125 2170
860 2393
4520 7753
7390 348
6430 1180
9370 8819
4981 7103
901 8386
3963 4799
1713 9416
3839 413
6219 5528
328 8673
322 3672
7382 8299
453 3202
5459 2805
4599 2552
9702 4949
7155 8420
9652 6335
3333 5629
8419 5783
5628 9142
3564 1043
923 9809
1372 1118
3302 3297
2967 9817
5119 2525
9482 6285
9405 1632
9180 2652
2741 2205
207 4629
7336 7903
5993 1093
7897 7599
8874 4331
1385 4303
1737 8196
2881 2739
7775 3781
539 5551
4016 9479
5806 331
881 9261
3636 5188
8858 7297
2601 9532
7242 8284
3554 161
7713 9700
9528 1723
4287 5919
5168 1295
4278 5926
2232 8273
6862 2582
9263 7254
9781 9007
2513 6391
2384 5855
4255 7329
8691 3753
9799 682
2585 4495
3589 7774
1601 8863
6070 5399
4469 8936
6260 9947
9928 3950
9731 7727
9099 9683
6198 8762
4459 6086
3935 1316
8219 8648
7426 7021
4362 728
6580 1402
289 3617
5205 5930
4619 7289
9079 7590
8977 2666
3738 8775
1553 4254
1094 9522
4602 3507
7924 2094
3159 5774
5178 5558
9318 1227
6337 4794
5715 6499
9412 8928
3654 1574
8054 6456
5237 296
8128 1117
3895 7528
7351 7351
5959 203
6854 6205
8673 5256
1277 6167
700 3068
6614 9970
68 1661
1791 1469
8146 3756
4729 1361
7547 5396
8908 5933
9682 6463
7829 591
4074 4407
7933 3054
3885 6922
6807 4340
7234 806
1509 5257
4366 8420
5543 219
4954 4898
674 1914
4972 1928
6665 1759
2357 3260
6507 6445
3062 6785
3176 9584
1456 3002
1201 9185
4983 6669
6411 4619
7521 5314
3808 4664
9729 2075
7906 7701
8667 1581
3165 1333
4867 2828
5752 9729
9639 69
3255 7836
7045 1284
4096 3572
9658 1030
3783 1236
3929 7385
1433 3079
2324 4128
5281 7720
1241 5011
8347 2549
8812 9571
403 8609
6765 2138
2185 424
2230 3745
3955 6941
772 5275
1822 7519
3023 6223
4387 59
5031 7987
882 5243
1357 7363
3006 3644
1435 6817
8437 9485
6673 5399
89 2995
5101 3976
4784 9290
5926 1652
1269 7509
85 2410
5432 9110
5441 7287
8281 4698
6341 7773
9964 1372
8768 784
6185 3225
8537 1114
9604 3075
2333 2077
7940 2319
6295 5064
5330 6922
1978 1395
6447 2632
7166 2661
2914 9580
9045 373
6781 5204
4840 7997
6859 9228
4259 8458
6136 6979
6217 6144
3404 2171
1509 1435
7078 4665
6399 2928
6706 6956
5879 1729
3142 8682
9554 4368
1567 1830
6462 1787
50 6750
2067 6725
8561 1473
4919 9958
509 2206
9166 4680
7314 919
5917 1858
1524 4276
5513 5458
1140 1252
2241 7859

