83176 845456
30513 951970
83574 102849
10461 77027
78484 938977
25108 529148
57104 838524
11293 690270
95935 503782
88633 299173
90212 329127
42948 799087
61245 918042
74449 603955
1694 841634
8007 980871
3443 132205
40979 767279
56205 141105
61080 426023
89191 955170
41172 419762
79928 929770
19101 388128
31769 913225
84043 962906
65368 779238
34740 690069
66154 841940
95099 193424
59374 169938
14698 772243
20948 680494
43852 760233
57670 466021
51331 622388
42055 79812
61900 305537
35638 656201
10692 159712
98297 673815
35779 857804
76193 360602
51948 321194
16763 736940
48479 358931
27016 944184
58661 526005
49520 687523
4980 698530
65685 642901
40801 91086
43689 879419
14353 764997
68331 606638
36487 654100
9533 563677
20048 766208
32538 59775
22950 643171
13919 151074
15191 219942
19236 165977
78650 752638
66118 451168
26680 224138
6500 614480
68259 684207
43648 228198
62161 650443
73826 906628
67978 232934
38592 246158
68383 994657
66406 800382
24506 517337
22628 44016
46824 484811
33844 397935
57473 403903
81277 378056
31797 170242
8325 91242
76483 319439
38645 203134
975 46308
73273 221628
95779 412889
80 492199
88259 695573
20626 812840
35267 360288
62671 699305
73126 870231
16889 737877
52878 731248
31934 240821
43617 795270
2930 658279
41939 996645
66616 981257
81497 384953
89783 92616
98392 970997
86485 492067
6529 684606
41175 680260
59880 554746
92008 424976
3774 769393
84277 246723
14221 430433
85828 505483
43286 243841
59453 736940
23209 938041
22761 308469
43240 509283
19915 420539
2350 113382
35671 98359
61875 904418
59439 207304
4902 788968
50825 799457
74732 821891
56009 784926
70336 631741
11591 992619
93306 763544
49763 799098
19378 662577
32914 151126
88387 245233
91759 585612
73528 312174
90296 527525
35200 441421
49705 533277
42181 883458
48776 305100
25385 895264
5866 474023
41499 896785
93973 918937
78254 228904
46198 878263
11136 858303
55125 96043
21694 633755
90260 978502
64067 365623
25501 678870
25168 757205
34245 553783
60365 577583
79138 378713
77560 465259
71224 999849
92213 352081
48741 55074
98686 185874
57852 505167
63804 995427
9345 180416
49614 282862
75595 607812
75037 181294
7825 488231
66054 531531
62430 611863
14844 933599
7045 581958
21449 359662
6340 793604
28096 49647
73883 325429
39773 814717
36604 796049
39589 431804
89073 472028
40430 651732
97760 395853
60640 882873
10549 320578
32284 958800
47989 408750
49910 621825
30872 315380
40747 633915
46028 285982
13294 868902
30477 330012
9414 317550
74370 647652
18003 644887
90667 462096
56210 790874
38187 640302
11560 648401
83831 666459
2623 610923
88839 536557
65367 399167
70464 985434
53998 395409
91694 548376
84179 309268
2074 480158
51100 567598
43830 953533
34893 522830
46649 969913
30386 776155
37527 424555
16236 204173
42091 341248
99953 574655
7438 194899
54841 592133
63416 854702
123 325411
50389 205519
27657 631872
68270 287748
77565 818572
33870 798862
73775 628916
53488 145765
69023 983964
73611 370801
24802 700986
69844 596716
17997 877784
64019 416168
42678 910711
16302 463877
75495 517937
95918 694297
96618 988126
86795 717898
28765 285542
97520 540259
25936 544210
5991 81085
33718 562113
64850 550234
85037 618418
67697 87134
13956 719310
24336 151019
56823 332071
19772 725148
68985 798922
36425 749334
5462 422476
84225 824458
16954 968383
82840 622473
22507 567092
27602 40765
53062 671795
9621 425006
22022 770651
36011 819117
9035 48143
82364 152683
90737 585030
87928 746572
12702 813626
15080 203701
47573 479488
47266 944118
65681 909227
2293 476814
8690 819203
39290 154577
12099 141279
94727 813913
26228 124424
59852 918240
80838 635867
90872 552780
39229 465104
21051 637551
98031 827960
59847 307447
7113 491650
90870 327692
97054 264833
40784 910146
13225 991289
33924 956393
87016 247759
83239 695294
17650 302913
88345 549357
94004 453343
88847 355289
75848 924156
60590 97005
95501 181550
26922 183872
95832 708822
29585 280494
86604 864627
9589 788768
57533 624486
51717 426785
1310 129833
52057 302086
38089 367794
32093 475985
57425 194571
65924 578554
55242 358386
83457 279188
80947 232391
7246 104801
34786 478015
75776 736227
83432 825341
82762 528294
72735 265659
64982 406908
97906 945901
66484 413800
50146 106288
29816 199618
11865 469660
83725 577856
31125 869894
71145 261242
85548 275894
7810 368621
57452 543056
57706 70660
29823 680049
58372 202130
57837 762396
6678 945396
38111 254466
85825 679237
86823 878855
98687 469927
77805 172504
16453 339455
60030 276371
36533 135842
87040 598681
94034 626255
68513 968173
63923 946836
38044 764854
8959 602409
69126 746756
49072 821896
45445 215353
55962 417851
12429 125200
4091 982505
52620 743218
56221 416700
91607 978295
18891 88310
81715 642505
60680 843979
11791 301932
94308 970083
20761 802752
48488 366400
54341 875760
25826 168804
99392 160326
7708 901113
17955 990418
8013 458558
61749 758773
97302 739616
51914 407859
45523 612874
69183 699374
89893 771943
18005 173547
55212 620949
84347 795889
19146 122457
79105 525106
20111 762760
21635 910619
85195 520012
34492 580192
99918 183726
52318 886529
39350 592383
8290 267617
27615 861101
80829 211164
48199 484647
91463 891420
27353 361008
96864 125647
9376 358956
86345 323780
49344 885239
52180 818291
32201 168137
22624 416522
72665 253799
19093 791554
68926 113788
81518 84141
94607 542512
8927 124282
50935 680013
35971 165457
71077 219361
19663 73540
98558 490911
99692 732735
98619 631717
77318 814102
28298 982212
52692 184419
69759 566376
97608 631246
88919 715386
78403 126710
33906 295683
87285 723406
46934 352027
250 563448
80113 354316
68081 166744
70149 907202
74494 416055
88178 389697
45196 473142
52882 433029
47632 703046
33522 373100
3339 993198
6174 70961
43875 131878
92703 822830
69251 227082
86487 652412
4037 850689
34834 964996
37352 791065
77855 593027
21881 846775
1790 455730
43906 635745
97866 578122
69090 814110
67607 754701
38913 72410
49046 476270
13860 225008
3702 575922
71140 473955
42365 758970
46543 267764
42172 374779
77058 112513
85494 782299
75813 466880
55770 311906
36832 643137
11256 990470
74778 357599
68104 297258
47520 603535
91354 150648
53777 588978
39366 313334
80122 471254
94970 420278
48684 828971
314 314196
46922 279213
14435 417121
62846 850873
42453 881419
13595 135404
95353 467608
22325 649762
96939 955715
75485 571095
26100 114541
73103 349282
49055 739355
36950 532881
69644 75903
76044 954688
6253 303334
50642 236806
13488 370169
83031 894114
83993 617587
3396 364489
43694 448466
64181 99007
37215 733151
39637 849005
10209 587354
10409 148929
36929 842463
27954 516495
25355 779601
23692 23998
38307 425888
78653 542547
9654 742987
54714 176585
83053 235364
60888 200182
19946 119224
41685 952632
74799 783651
67259 461001
8324 511134
6584 452047
48400 418086
72742 631999
42591 196709
74371 266918
94593 704396
81253 233202
70633 755910
29084 409123
25542 646695
28090 32815
90993 985446
60669 360303
64674 616918
70889 375136
31784 905581
28396 936595
96142 859532
88151 791352
38832 44541
96429 242129
35882 415888
536 657597
38758 709460
22252 950665
61318 102914
26375 244071
73913 371268
18284 392100
54707 483209
30897 763087
31799 363554
64003 86626
59486 665433
24845 702070
62268 866487
49995 494470
99856 738413
71147 623735
71484 972709
95214 222850
1520 101716
86412 367156
285 91345
69422 846840
2976 186215
22852 317999
66530 967655
20788 723649
52693 425719
9838 411820
90124 590906
14838 522770
75466 834280
7016 748384
38420 226195
60138 543098
26229 223865
50047 817164
99869 379271
28777 685686
17644 742418
56472 989555
68969 475454
46945 208726
22618 235430
29582 201880
61101 831091
48273 118363
87623 244346
90061 106752
89982 239807
70682 196359
80646 214984
36889 963143
15521 954294
65334 616155
13848 400632
22292 876456
99170 261054
87171 809960
20896 705726
29407 871875
56048 769192
8317 234890
32968 889686
64591 516782
43454 713140
18977 239177
65803 589010
61276 713659
54579 482289
35070 154820
6486 803176
65309 865403
99935 873568
96616 110434
16503 266464
67613 687303
76682 398491
22027 662738
75875 733973
8268 797028
63643 418097
56905 722829
11366 902339
55791 244942
97251 879560
32082 988977
98501 979721
74334 87443
79364 765321
4879 287751
34194 361478
79802 804836
78652 192244
70567 926216
78834 846182
95078 194250
7212 612508
7197 301076
75192 962648
12397 444906
99 707383
54308 374833
85344 731435
66607 843434
47377 548575
85365 807140
37153 680052
98519 715871
61685 132612
60170 923777
98229 118026
5441 660625
38423 711310
49840 798379
32983 703580
96292 137099
59955 568323
24214 595358
50142 58645
49830 894073
55627 364511
39521 130265
63093 166275
3308 96932
28426 718017
4123 372830
64807 549806
98107 713619
8162 986504
52886 995708
95715 280433
68639 264668
15969 454988
29392 70640
15799 20591
41857 376869
71281 167468
43465 120916
81664 438121
62839 712428
48357 334809
80051 884615
73035 262477
7872 755802
25585 205154
63051 202595
85195 233167
23062 36124
61447 801581
66963 380274
40902 941703
59366 766540
93779 721012
56619 713090
68022 785323
96217 300065
2841 63560
88393 395735
36589 600889
94516 203649
2217 21025
39009 734500
93142 736170
10097 277334
84079 241037
40592 97557
32863 617136
4260 244939
85867 811308
25673 369324
11520 328914
86715 169128
24638 984051
7115 925213
4202 292699
49440 799667
33326 579803
49552 210783
31626 349852
2572 407278
6834 133069
13919 631167
67288 603052
92223 850557
33480 904954
37030 233868
23745 205407
78777 792247
27763 599590
10004 519296
56585 209556
52474 824606
60849 560153
71536 609926
71266 200813
9307 85392
51658 964245
9090 224436
29750 135505
46408 551034
82444 879609
85400 893541
74201 184180
20610 669927
1205 639434
32809 803625
97353 255687
68228 428968
78479 629929
16126 874436
46621 94917
42099 808215
11004 963554
42719 435215
22141 690401
25770 82334
23740 75592
80975 137028
62866 376934
89228 176600
89559 765265
58147 244255
47508 377605
36267 976853
8281 308665
26321 998398
63683 629037
21198 527688
87131 249674
56434 975156
90292 658589
76156 906263
55518 840353
58380 996051
34188 336103
98688 914195
23945 637639
76411 964643
48990 592679
56274 951428
29139 762317
67464 981829
21884 280636
21991 192460
48061 162850
90273 936034
42177 257807
52385 71971
18438 401938
709 831797
48127 789726
66126 355758
45985 937145
38400 475310
44968 778247
47121 463869
72145 892913
56681 480972
92999 471564
92797 220208
46850 873750
74289 972204
44377 514889
71351 746067
32316 661250
10317 171218
61209 356559
47391 394690
13856 880079
97044 339877
75341 329439
22683 231592
43380 765793
31270 428602
47788 902345
67192 388121
96891 837753
73417 424002
68155 437201
93836 785820
6581 296987
70666 549424
70348 460465
84203 880443
66903 319827
63819 692605
50339 286710
44201 405715
32329 859908
67244 934321
42648 547543
37918 862821
25053 167119
47161 861419
62777 959869
61806 991021
33944 320422
15862 486109
11235 388179
65583 136551
68158 776473
69218 489538
8687 794686
75816 857962
42573 407217
27565 472124
92346 346074
44308 518202
17315 492780
71768 167361
63768 709356
95922 711816
2034 988177
81676 433351
63054 135674
30156 226887
43317 424715
23573 799028
66145 414577
32090 222701
19697 66957
80698 235519
96898 871074
20726 474513
51550 879966
97779 479964
13873 323960
80874 973126
80184 932317
28260 999837
65954 250361
38935 180775
75340 223578
50549 188649
70427 186757
17264 44121
67636 657835
46909 436125
86947 309433
1846 874560
19932 526717
68347 421687
78331 339015
13983 640689
82903 536314
58609 430534
3573 581428
33261 560747
35881 575364
76479 298522
70748 688063
51195 327171
54841 177562
88679 824140
20256 779205
19033 529349
24474 569574
63745 189300
26355 862199
51073 696271
14847 503217
52992 701539
2103 770816
87084 922354
64939 220875
35687 732445
85238 468174
1900 773781
57627 935185
98473 527024
57597 822826
62379 236161
92158 538595
66207 152412
6011 357372
74486 904503
23334 768814
17794 804046
69742 944204
69403 624536
84696 291227
75240 761297
74037 468026
48152 403210
41502 550595
73300 651380
26827 305958
56951 471189
74237 610355
87773 840781
91076 293330
67913 962795
16136 161705
43476 259384
41779 651131
46362 635860
41775 702110
15783 508840
59325 935182
29495 582092
6772 981846
65620 418371
5703 207766
10238 771212
34039 278386
24519 571715
87308 974897
2243 647708
32079 146277
96340 685327
5148 628200
40388 305551
48745 751332
75645 474992
83673 157531
87594 677929
36969 895490
87047 147823
21183 253295
83332 96137
86382 494396
95054 867642
86803 587449
33374 503488
50959 705166
56106 652240
52760 159068
11422 698989
53195 183393
85488 408390
79838 556649
56390 72353
53881 496269
6843 808377
83892 502593
2127 472958
5722 57656
68896 790595
4068 478441
43732 113397
95027 894189
86211 131263
72264 990390
44479 304116
84753 708970
44879 350645
91677 93655
45128 337053
1829 345804
56180 568485
57514 851796
62690 909451
31586 842137
27944 494836
