337 725
612 929
721 978
174 683
388 818
199 821
249 648
165 707
609 614
71 802
213 321
19 554
417 938
91 174
478 911
432 527
594 622
517 983
25 620
21 532
54 993
72 341
718 899
39 162
15 484
145 666
241 726
603 603
583 887
510 631
583 608
435 749
463 606
156 877
244 427
737 843
206 998
220 659
504 569
373 878
152 708
485 656
687 704
374 634
647 962
676 832
53 369
657 922
574 789
696 914
113 834
100 751
75 867
524 893
593 837
218 632
78 397
397 618
203 314
400 947
433 750
240 663
488 619
148 372
40 535
615 873
6 306
578 988
657 949
274 659
463 605
343 360
333 493
172 855
222 487
77 377
202 866
359 887
531 748
282 357
33 672
677 975
66 807
107 880
73 953
314 502
156 641
788 989
797 959
581 832
184 660
45 384
375 904
94 567
145 317
86 368
674 899
75 184
149 961
100 583
23 416
60 946
122 471
71 108
401 608
355 389
13 644
306 448
470 658
158 641
209 433
695 816
300 307
72 522
51 430
562 740
296 607
732 840
33 793
40 508
416 852
361 764
754 846
376 930
370 530
209 454
24 727
456 556
202 930
670 839
252 269
162 660
65 149
265 514
439 549
136 801
185 514
189 706
10 186
882 974
94 911
394 529
812 835
198 758
168 997
508 870
217 234
552 764
481 839
163 500
55 863
332 864
317 675
6 815
250 640
416 674
177 481
51 698
89 498
59 709
113 589
698 837
615 662
250 960
474 768
374 725
565 970
101 761
946 953
171 624
195 204
256 860
209 828
555 565
74 134
91 348
738 775
446 783
532 865
47 994
663 818
580 804
386 680
735 800
72 207
190 844
136 442
175 294
106 843
749 911
165 843
341 815
547 884
213 856
169 534
776 944
59 884
580 715
29 743
384 391
161 474
844 931
850 908
125 498
181 822
78 871
341 977
216 223
215 926
104 866
354 830
348 944
474 878
279 394
380 799
554 919
175 985
711 763
208 400
285 720
366 899
601 751
134 657
296 482
484 992
36 565
438 591
38 153
540 623
116 373
113 692
269 478
553 720
176 323
32 459
622 879
563 871
129 211
405 964
204 560
85 117
655 679
583 651
240 763
94 888
626 788
37 352
457 864
287 375
346 990
408 903
713 749
92 410
382 927
317 451
760 965
359 957
835 853
772 927
180 547
571 910
181 722
31 590
86 326
875 952
445 830
374 495
550 673
157 767
384 522
689 769
129 732
413 416
400 878
909 932
210 325
102 710
813 939
514 851
200 912
164 953
624 994
205 513
168 938
383 898
866 984
261 875
103 778
244 821
86 176
159 529
246 780
28 499
225 958
109 289
385 893
616 658
143 224
621 893
54 876
612 833
444 812
746 962
452 679
634 812
630 658
720 768
206 786
216 772
507 899
678 948
272 637
684 791
167 262
2 870
192 833
327 924
112 341
262 505
472 768
17 766
288 658
304 507
195 483
424 866
72 629
341 481
514 525
144 724
532 776
727 993
250 488
115 542
456 852
208 363
597 643
149 927
302 403
522 631
132 402
238 434
303 679
336 514
448 669
257 361
55 250
384 763
26 416
37 375
490 562
717 805
525 692
366 426
98 271
380 658
211 274
695 739
167 708
437 959
167 724
197 249
483 731
808 955
157 892
317 904
212 388
32 115
455 976
209 455
284 739
674 951
708 977
424 932
599 686
503 691
43 754
119 554
190 329
608 941
162 858
680 737
619 748
643 926
208 754
101 881
641 835
352 453
61 714
115 494
58 416
236 518
13 828
371 380
34 60
475 737
167 704
499 615
612 990
581 913
114 723
451 929
38 175
309 505
304 344
562 612
216 415
231 365
201 780
389 931
469 925
259 779
263 921
384 506
59 141
317 371
72 599
339 790
290 549
597 730
81 626
301 460
170 768
135 836
336 683
194 540
257 906
425 820
394 727
430 509
426 606
286 659
36 759
212 720
343 685
385 683
636 986
397 820
69 88
439 659
459 519
501 611
298 320
257 581
586 841
856 886
253 507
585 999
175 724
584 624
448 523
371 539
58 534
483 967
697 990
76 805
477 517
359 513
44 114
303 657
34 911
488 747
343 823
512 899
43 115
72 814
115 205
717 764
332 774
46 795
200 942
476 675
105 589
366 413
228 325
219 529
88 536
138 336
209 758
506 701
100 772
194 505
309 331
131 133
293 907
408 751
156 273
170 212
516 569
130 351
148 497
20 664
124 903
107 692
199 948
19 682
109 495
437 533
18 332
7 200
21 197
246 735
108 203
372 558
191 747
136 413
267 280
628 825
50 294
552 947
303 467
445 611
27 776
381 527
431 748
148 669
386 687
130 474
716 767
96 659
0 672
190 835
86 249
499 792
143 759
470 515
311 996
397 439
358 594
187 206
402 700
879 895
434 570
599 867
472 676
317 334
201 539
717 738
617 635
183 660
407 761
6 441
705 753
151 344
24 171
112 162
880 919
444 580
15 825
437 617
170 914
312 662
706 804
177 255
453 944
21 492
394 874
115 913
609 862
543 809
165 311
181 972
20 573
488 905
222 531
75 254
427 789
912 962
809 849
166 478
183 748
460 858
254 738
150 332
456 513
326 741
321 846
748 934
65 838
259 423
720 807
207 429
338 355
83 934
263 778
616 789
156 610
91 156
28 273
148 203
354 916
651 972
435 778
62 287
593 596
633 641
466 842
39 81
535 925
313 509
423 672
170 531
827 944
200 906
464 881
102 514
443 766
47 756
764 992
271 505
578 821
485 756
190 682
725 925
656 664
270 912
755 952
339 394
171 291
367 510
969 996
58 820
646 814
339 829
463 816
82 419
53 862
284 655
82 296
8 213
642 882
835 861
784 826
389 563
532 668
667 904
147 558
21 993
20 338
150 387
525 708
379 897
410 597
167 953
131 504
25 859
128 698
104 292
464 797
38 568
66 830
647 933
391 933
110 238
481 745
44 921
493 686
290 563
340 430
561 968
254 600
541 611
137 930
316 662
525 706
17 761
353 843
550 981
311 492
346 969
37 152
507 713
632 784
512 769
53 526
302 712
917 996
190 733
10 230
720 808
197 887
47 881
240 948
797 841
121 736
207 420
232 270
70 693
170 953
811 880
296 738
48 76
446 668
97 793
505 563
116 638
112 654
231 701
771 826
714 849
234 709
374 565
128 245
527 700
230 753
189 402
129 277
312 900
499 949
223 239
182 890
790 917
129 360
12 613
180 297
251 506
356 413
33 986
406 873
36 357
411 921
264 390
204 384
137 910
603 743
520 660
571 574
337 681
549 565
12 832
6 412
487 835
640 668
62 342
304 493
294 380
809 973
285 728
618 917
83 822
21 925
204 421
172 452
799 824
438 604
3 960
449 785
561 808
568 734
718 860
378 540
376 710
458 903
352 694
78 144
82 103
338 511
148 698
31 832
105 887
635 951
91 850
182 982
915 941
96 183
287 344
393 484
337 393
568 578
313 363
429 649
83 419
32 352
432 833
5 299
335 519
111 760
133 725
214 358
134 821
506 547
474 953
580 886
1 775
170 230
319 831
198 748
629 669
602 756
298 805
476 574
84 348
94 112
28 929
143 995
167 737
791 952
501 766
22 843
24 906
368 836
636 708
752 771
57 883
619 706
123 164
303 634
359 806
67 911
514 672
781 781
61 292
85 193
86 974
287 674
116 307
648 946
89 452
21 287
356 973
514 828
355 518
111 995
246 697
42 987
596 645
242 514
564 662
660 749
281 705
244 924
580 902
418 775
104 625
62 989
359 638
495 735
346 610
182 895
333 497
595 956
163 939
124 421
124 945
73 141
270 394
46 707
96 221
436 915
87 305
64 637
187 531
135 197
425 668
375 943
425 870
495 963
303 773
357 504
118 788
474 641
836 978
680 976
31 559
803 972
181 620
196 653
11 594
838 933
291 920
432 890
314 626
309 971
643 700
25 417
262 329
541 842
148 277
828 984
556 843
674 987
106 693
323 356
143 575
299 920
439 591
447 727
345 383
47 500
449 541
95 937
678 986
341 807
442 985
74 901
774 981
17 324
136 965
165 251
217 947
296 849
102 874
18 607
117 598
94 573
212 340
506 564
193 509
434 475
163 684
56 985
38 525
94 308
472 608
283 986
800 903
738 842
651 945
89 581
616 656
426 894
148 914
76 823
245 929
573 974
85 395
904 960
257 839
494 838
478 580
119 762
153 698
92 287
63 413
153 455
178 642
451 884
743 838
718 733
21 773
64 767
392 663
133 455
342 636
191 461
208 889
371 908
230 252
180 798
171 485
272 355
95 960
230 853
52 194
558 896
122 250
185 243
180 722
149 312
770 889
141 408
90 204
445 870
77 857
283 370
209 335
352 516
153 523
449 900
74 734
243 884
186 987
557 856
397 720
373 787
120 275
96 913
586 978
67 552
712 901
439 844
339 999
291 713
769 846
312 421
248 425
81 289
832 936
523 760
292 933
780 838
72 655
596 864
74 867
18 24
394 696
106 501
465 473
372 930
384 385
173 348