1 10
10 1
5 5
1 1000000
977 955217
51510 730685
526007 734878
913535 738376
516037 968632
14228 407335
371078 708997
227537 366755
210090 476491
363867 96424
630876 181399
487451 874067
392974 193271
345627 749071
983226 28494
831521 953671
83861 459271
868247 519720
870116 590349
916257 847545
246964 899738
526483 345311
631157 992188
767670 790288
773249 431787
168608 131207
567810 777146
681721 123049
247621 920893
697853 138917
741364 655175
67785 728742
40722 269960
593519 692944
307786 665776
751936 508831
313682 725352
186776 263809
817419 736362
694002 352571
360442 352068
56625 914513
178303 279286
482239 65995
322780 729197
135411 379305
136987 369818
60827 876900
143849 574775
944004 454650
726584 260617
764577 408121
241636 720772
334738 958834
924781 609100
872495 197858
142408 961168
761585 379700
130272 935482
396179 719814
965273 417667
358673 536515
508686 482354
254952 129465
785684 213002
899759 631916
626930 345785
936260 71384
857621 795366
50872 883120
96120 440195
36845 438944
914540 461254
855442 786189
885660 259233
662258 395080
727071 263442
313665 918050
319828 580003
781974 186635
279181 189786
242925 541821
966776 454822
712014 633980
706041 653884
982675 467370
464847 127311
711696 461645
289708 266897
507951 78786
943152 901147
202792 707490
783630 958835
720026 684120
208429 566007
635654 646534
218247 118061
227505 571226
288730 53186
68576 261329
254208 755931
381761 234569
439374 220795
340888 274966
587310 104239
19851 831046
677104 21408
529590 331565
515320 622427
370575 944546
355977 863282
683758 5676
413527 706419
55872 787201
123084 922104
465292 286255
729091 416088
154086 549873
242914 925597
691603 587591
589148 538940
33248 188946
313684 472120
515167 413377
587972 47952
404908 737486
114728 212760
185236 111081
824540 526019
559966 257967
620594 267594
951668 655836
478684 881624
596946 799970
435046 671558
339354 67639
145266 235411
536350 541971
459792 786938
438372 804004
501766 757939
325223 632558
694993 604656
448247 825138
756867 224859
963218 393033
133728 757445
998821 451251
39352 708359
158298 258371
640346 472281
486251 893681
564014 255779
953128 186141
613185 928730
292939 785748
774911 770412
181229 636539
869006 131472
890645 55032
80165 950927
642120 652347
451499 189149
571245 920826
610918 682095
183872 725818
614476 264579
564876 67948
838870 61450
49050 33911
37672 406556
872988 458751
600539 83277
339155 835198
945421 939587
995332 981081
158359 375921
612229 955650
483023 190128
195689 9581
594086 642219
288451 231183
427054 418667
358800 534605
566437 322734
868886 196837
387768 432002
343731 763837
515277 801535
124961 732747
261736 407203
833640 746274
536108 257233
427228 614263
126896 478003
955001 650418
193387 973122
131765 876883
281803 837647
693235 569776
314787 24327
823087 86200
24705 719516
89352 226669
360873 494993
254489 682649
11885 79595
295786 226793
59211 528958
187827 136118
484672 57550
928311 200049
818494 844187
592733 22624
288720 976341
4389 251171
851342 443202
723446 626020
951970 696830
964561 124301
947104 7044
887439 464284
436317 693457
281850 626667
880303 127941
620680 831803
93574 187853
809230 122673
786659 50488
470681 314297
367486 91390
131021 852492
374925 381732
490997 752195
689575 977534
899751 776451
405587 679386
332873 848920
564790 257993
311254 621474
281754 413568
673927 972651
405721 877275
828189 471087
414911 446250
815526 674452
336313 692394
522084 23576
127397 377264
956037 255728
58636 378418
388056 779557
704419 848422
75 852304
995812 705528
476974 378122
31498 626832
109524 137648
101317 450539
836625 213792
936275 299751
595418 306782
515801 899770
679507 277264
376046 551448
311327 874957
721922 289969
535679 66875
89586 996497
798451 386278
697407 968463
600990 583069
849241 532458
778389 772251
99773 833333
406936 66189
792718 865658
280664 19849
264763 24848
728053 211441
501305 62498
738706 593507
361752 505530
105630 782869
121376 2085
974725 328957
454013 591338
517788 29663
948695 885511
891456 51986
60841 225736
823710 656325
979831 16813
687506 745384
391125 606222
839288 621517
435404 603896
135831 820273
39739 739847
31087 132163
491394 658536
970330 826751
127903 401017
70701 571573
465022 374460
426837 27032
690730 903331
840411 876605
517372 700290
145749 238272
547974 980570
769325 620369
290856 38800
91965 845834
693865 68556
645180 937118
830073 59724
459136 597262
188835 498639
722270 833957
473871 402382
759161 836143
985084 608810
119708 892385
81339 164750
2593 434739
945067 930685
759554 699010
376782 283821
76373 271142
225731 843509
5861 203159
812084 382436
844235 211023
207992 121017
485047 95003
930378 455279
156097 385192
799616 849901
306315 79662
267186 651443
729741 437415
886250 422121
600477 920215
925059 218352
768352 159948
255569 556942
900911 219212
26221 350836
941598 844377
789520 207213
575818 277741
418335 100772
955551 651400
434941 509308
15172 271484
583549 957465
526284 716604
151137 458660
197352 535918
721926 721201
107112 943494
551481 268338
38034 158114
59843 257103
779922 944375
435849 927713
436264 341054
568576 524037
700506 105712
20749 60535
415814 690624
399506 46221
872625 841087
79972 320204
132366 405972
903041 635186
103786 684630
289072 467655
505076 820169
767763 120154
83706 167410
138115 227701
134125 350341
406096 291951
73911 411456
930713 599787
762802 474074
341627 911182
580217 986466
90934 372792
747374 133822
546245 924667
504492 750171
253682 523796
116592 784737
251266 472961
552030 826171
34372 587543
878023 712216
823763 175539
31817 457071
537856 553130
236667 637921
637251 479269
167463 204938
474517 550451
219460 691832
391245 584166
582594 680618
787453 28474
695212 296065
364306 267239
252595 378103
538632 347714
817596 90272
716494 921077
902599 652804
469020 192153
400986 144907
663481 604807
881810 286666
378018 105682
156717 25121
878617 669176
162902 729944
874010 108405
815317 381784
649411 444270
46907 274067
180987 175378
284734 769929
954915 247146
32654 999134
745229 486947
914083 225173
228294 239531
89576 22861
738234 433328
365416 282095
217176 534379
958305 542517
393870 678259
92536 697381
382440 621576
980346 126169
5682 639281
891778 503103
307217 542045
68466 238640
385954 500535
145893 16237
100027 821289
57858 776149
427129 284286
203831 989190
185143 493825
482553 708451
140188 143239
301489 499787
347334 657347
706298 485203
118745 236981
363653 618411
205086 373675
386429 72455
709485 52272
217989 627111
254426 951077
949357 465982
528049 532091
755701 19961
941740 52412
291257 782413
305934 481090
254873 620335
750069 14051
513456 761771
251345 270579
236642 469637
698967 795471
749812 176609
760731 471403
842780 675710
983286 90037
18616 176817
66356 246462
171645 396206
303053 645065
836874 877326
349575 873126
296115 328113
211128 106873
417345 428294
511404 966939
386944 752867
977109 783894
856356 91421
146277 780973
111107 755741
269452 639777
420432 508219
132343 159474
322778 326710
377922 152630
726983 409697
392018 248268
111019 18642
58433 443656
677662 983621
456787 487358
100715 858078
723034 167792
672875 739628
968899 525702
398756 861701
470266 51540
721192 667732
484648 910043
24155 411957
969783 917855
924789 994740
686005 410762
856457 788920
114184 352598
855017 417092
704942 52998
642758 255769
8027 936551
952279 203390
600940 536060
245347 687184
361363 778105
935912 864764
236543 697094
689671 131110
409154 403877
39861 716966
976887 678598
189569 524990
350338 29032
147220 328995
272811 600553
414811 675172
262819 659650
267347 176590
901961 214793
644945 312657
441964 235370
9187 619389
790305 637746
448552 221020
307095 184426
737501 93371
845136 702051
731726 447980
82117 950185
602087 513333
862978 819486
923655 837146
179357 901282
377456 875413
733160 150186
101446 637510
310901 884734
450431 996800
636843 430101
166895 179479
527543 360616
325941 934671
488124 143392
433001 902104
133447 459927
108759 117248
207104 414156
923218 404372
486540 444886
81273 396433
72123 538412
387207 940603
482314 80318
393543 115958
704720 396068
554015 886949
959591 71143
233923 198032
232016 417842
96362 253643
488447 704994
356164 810440
47555 487260
119175 47379
990613 24844
799597 835181
340648 100383
451678 707812
11516 716771
36511 358038
793703 55515
325537 984721
845268 344454
502984 369081
908393 42579
844032 817849
17081 431552
470029 552871
952703 622873
84276 171565
752074 477246
799978 812985
759943 424283
93034 431466
620635 223308
390476 985225
623778 161158
510092 775660
884870 717726
595476 627193
273548 558422
568483 945290
567411 816924
581937 674801
123883 711918
182691 222654
627889 442838
189344 519966
875071 758894
109101 840606
424344 553679
937740 357226
783716 920737
826340 917047
857459 527953
30768 321526
307076 896706
928593 461652
346438 928713
105000 789279
922781 728567
127645 950228
656568 832249
866875 646739
781964 223918
165395 589363
278577 531422
337465 954216
784818 146783
249083 131022
602826 14586
856417 583082
621506 893730
634489 916402
830870 269983
822236 432576
695668 229993
873996 652983
111517 434357
828424 566509
17672 146718
764404 493116
936062 328317
170396 515363
176122 856946
576284 422960
506 239656
975634 368315
847425 947530
686910 31643
869915 255469
574600 893478
426621 139164
771507 507832
8639 638787
932702 529199
10112 514246
9837 66129
373114 73354
644545 20406
973981 64851
386603 606318
55146 882089
726410 823840
720134 4405
272631 480585
439443 416437
342253 278471
228550 845830
825316 428378
770096 956244
719863 243353
133108 203845
91100 120238
646484 507973
305347 73185
390050 621406
788158 455434
657544 26062
916085 388145
8612 467765
573767 351775
890926 926290
388178 623137
749177 464030
62763 216617
817838 158908
482538 146160
863981 665337
156623 993773
698611 154321
84858 406021
499651 705405
578614 536036
884668 800508
91560 513484
122781 227761
207973 902344
744972 775160
861285 123929
607190 527126
540903 868349
184987 928746
931920 236625
718532 730266
750472 803057
642094 865313
964690 911270
910213 303389
228869 705626
313638 794265
111666 854059
830170 550886
198700 497581
322301 422532
876720 20468
675568 411390
80089 639632
127705 794896
681153 963780
659724 895486
381850 853109
424858 525800
858123 403863
439716 669223
572325 364740
531045 620554
57420 969580
977639 401654
450096 888553
956495 502594
882030 450582
119598 846779
513468 35694
283418 760170
125638 420561
726193 581978
172164 670833
639679 994794
277653 533706
774978 529240
88947 472295
126809 885704
832901 520370
894439 136152
745397 503445
527079 944908
128503 636253
361079 764649
410265 120015
697936 105994
753215 769618
371714 736397
10708 629437
326500 233297
414106 926866
350329 60018
30929 990880
86871 730010
177778 213747
262752 542883
426177 980760
170656 56877
541697 942024
553674 71662
560787 267875
986194 319832
187293 889152
312139 506661
559678 685638
638398 186804
663069 319173
448333 751714
500021 658375
550521 691509
169999 902419
254098 128570
326532 262016
780809 508940
585616 559774
157429 373508
631593 891905
269091 515368
288962 278424
848429 617339
108979 655409
410006 185396
768123 886945
920533 463391
17575 474475
512232 792660
33852 887021
767172 755366
293624 871320
774567 278565
94884 98559
853924 260150
896757 176712
872690 43863
562316 327285
989727 25871
51103 980686
763119 45017
675129 312491
892952 658371
147927 77295
596076 417490
448671 336130
582342 497429
610506 463513
163576 410511
695182 327142
229449 740492
665128 586696
742498 683134
354298 986506
505434 55105
223463 798384
294746 541239
415695 506302
403189 296646
758089 791632
718377 707277
974273 191995
127943 156152
518205 194461
593732 270177
497302 907862
706238 212449
887390 301513
525265 661412
214909 494446
227594 312673
877390 147250
716559 170501
50933 462811
680769 620009
967745 463702
668648 404928
979142 724986
921971 701156
774139 876647
53488 102653
510738 932680
323700 929296
716961 957659
642638 605444
179339 381798
325867 353166
625016 883105
491680 305450
679677 937460
888179 440555
619316 81990
453715 163602
471181 94141
692476 780094
872338 439923
165946 234584
716615 101237
444656 998562
107564 979009
366667 918086
663289 122245
657186 377598
742202 106382
905348 535854
225072 15810
470346 321520
802718 770678
151774 532475
850993 267343
518512 23080
355733 466618
66009 126887
478886 353222
451276 797990
599134 411863
335834 171832
941122 584910
64291 135487
559315 433536
89375 442761
424946 374386
657724 433865
805705 230057
748559 984241
118768 250252
418758 903434
12048 662370
596395 517370
250854 603854
453255 542300
418832 932804
695869 7318
405266 102696
260752 922164
192032 275445
173201 673765
771226 577888
866456 315602
222348 513579
699047 732489
419255 484184
111298 576971
584643 464904
912525 361113
228272 80781
133995 409340
728991 868167
843439 325048
800479 139917
394195 303026
551509 733329
161816 811962
453366 255716
332046 736037
828864 95179
424073 13199
699225 701958
227099 645479
944421 682575
130985 362555
447907 256198
31172 886130
652501 325393
576395 970302
311263 743002
830650 717757
634453 405983
210363 582083
744709 35744
36913 895074
217815 55150
568067 782950
615067 720184
522997 340482
470203 618581
205354 930490
141477 428861
401832 694976
665825 563061
242487 739222
121209 603229
259061 628372
491282 607645
55975 152814
445999 53960
905374 968770
892812 191236
466200 142472
324639 255718
692839 437205
161320 441038
490280 442377
210529 559704
452973 730208
304479 826615
580223 691370
239555 410052
793507 48157
87759 706159
670050 568854
63050 902817
31266 975373
708735 857466
629199 519162
465797 116044
465766 389804
295230 395676
547467 873107
142380 399174
261650 964565
580927 360064
272146 748931
438891 166086
471430 469969
431004 769032
569093 56742
58857 472871
373548 909959
385130 294065
372304 485060