71 51
74 75
96 31
45 17
35 35
7 16
30 16
37 11
49 10
1 1
905109 782975
2819 771200
71078 982068
981582 791456
329424 476755
417318 943156
368075 304896
484989 524561
394764 601821
887550 417995
720197 35533
934678 240997
212769 611893
582872 143285
660184 547926
22592 111938
836919 483361
802068 283704
956781 683227
573180 717601
982591 659255
514491 353888
263686 514284
736373 614827
838649 681881
605864 607510
305588 841598
288494 204899
34790 598790
911065 574491
240246 849819
125621 933680
181635 72368
539453 273815
481322 595508
641781 52224
194461 687326
35663 270283
271454 901794
626392 832349
485443 369847
603457 875705
677165 987119
149380 547797
250294 105906
571426 344200
894496 418279
876490 907176
5390 879049
360005 125361
833549 941802
635191 774971
653097 465182
763131 607629
821732 232720
448073 897626
910504 925446
526439 647981
744353 803742
199971 529583
706499 230369
130294 925970
638659 807610
976411 164716
462406 923619
434692 429897
132403 208900
935584 458850
364905 645990
879991 195193
931079 911051
573089 210633
407619 440128
802733 141184
160696 855942
767132 156391
240037 445787
81819 687426
843497 245871
325260 650519
963202 897743
476197 283771
459076 973896
892562 92870
687114 155839
994687 658214
687054 313898
522021 723981
691827 542096
681984 728818
711913 791263
929482 121264
43872 434933
516133 970065
791358 566937
789962 327663
410082 347732
653406 282773
208231 665993
853780 136771
950890 747604
57429 787659
128342 391654
594025 643391
67843 93070
40181 910058
549924 869512
185482 895289
19295 54517
390515 450306
395372 750885
825742 442403
178912 448267
710763 466271
601768 441374
362462 628548
625273 130247
188474 326122
39769 103045
206534 888246
594415 974385
853523 302654
711520 417425
809817 105056
772140 131595
554735 439916
669021 232801
575188 802403
605802 480259
550503 438382
862037 261690
675430 585123
636767 889910
616478 261588
606223 468103
231481 956579
190604 507089
366269 215436
4480 503254
672540 311770
795152 972397
873611 775397
412441 947522
897567 79802
178438 928648
903538 613761
485670 926583
932285 71116
312126 85096
351292 349626
536644 461996
542074 708816
8605 447789
503959 201855
260499 477775
836175 390545
686358 943989
417523 569924
155332 829076
938680 27026
413603 327563
216100 425614
176106 832680
76062 662996
972747 647142
447757 114252
940380 865367
298483 151062
246121 629815
929817 274484
508264 906314
869784 394815
349034 944515
41757 406900
678099 957428
628616 252551
358316 259454
28296 856983
186220 948432
719566 667153
60257 116849
648062 95064
292960 148646
176257 356511
109026 137231
216657 343203
50959 392447
615196 115501
47533 139612
957064 588337
585067 113930
866514 919452
814006 830190
270633 578206
500068 654442
321742 965744
253212 409655
138451 651574
378907 448908
32231 881689
992364 436680
589864 636771
225639 150246
676115 28611
65838 730665
414454 281239
746308 263992
380371 137118
163243 372768
726489 966171
592687 496573
564041 421392
501079 705253
775566 859296
758097 806327
25649 59316
950990 783490
891362 901772
356316 132137
989061 968520
552344 11541
11023 441650
986474 284603
716584 818396
765484 397911
523688 743756
217769 106650
276475 605874
879179 448905
24789 568445
63527 389571
257701 696140
693585 365814
529344 549714
433283 937539
241329 152192
837063 310837
192607 945301
217605 467987
13201 651418
88082 91132
422909 123450
702277 44029
408218 40524
598723 612916
153260 275141
958223 32941
782531 406409
457984 932098
605576 521681
713131 352573
777918 812340
74105 663720
801056 477763
163229 272362
484572 614869
157980 944250
839774 339846
146104 959485
490338 665130
341435 264772
744955 105051
897336 420513
607739 2069
583954 839047
669568 440492
849760 215568
370935 449864
674330 555486
746873 529648
743359 332877
84535 941034
924039 11051
321547 972541
638891 520900
225721 403907
518605 791945
365647 691031
273679 395104
796211 489418
809013 852234
800731 857940
353901 888090
259895 560484
864635 567719
394055 694402
464227 620162
535969 268776
510217 454868
938763 46717
229834 896651
725829 549267
605885 495002
222536 32868
328939 831056
45212 537850
54164 923118
537763 505374
379262 677236
992472 798593
427267 367911
66679 581493
680036 277675
55917 911510
982987 407229
307508 837186
221477 429899
319338 714526
542758 608588
36053 564853
663261 460625
411417 445093
468287 708368
450126 778651
852489 511627
960181 384651
937362 846342
128530 367341
745788 564321
508789 276894
567775 563669
195437 255994
633632 314828
963070 207567
676199 204752
134390 837191
961031 833079
46698 901846
677219 289554
231153 195552
185654 208260
159505 444686
679630 737080
180815 976175
68319 127624
789919 368323
965598 850191
200842 73142
948113 13430
794333 64737
823982 94842
374432 159445
332174 153069
159883 99328
95244 799969
437198 147420
33737 692722
248915 587563
114004 33726
965716 627936
363320 777124
88138 722099
86162 384325
620244 274342
885793 184888
201173 83151
185645 44955
645197 985752
356395 611181
7683 354413
229918 962974
416907 59662
124686 879603
671259 1796
328662 267794
940611 180378
45216 533861
226406 73404
480762 378289
288890 448662
668102 591873
877164 309156
597680 955641
372510 557217
506849 633635
107848 243924
196464 465328
403685 755409
733024 232685
27224 36671
34796 663773
430847 815104
862454 786601
83077 367133
6398 653334
753876 908567
302466 970292
870792 690294
52080 847262
244691 321796
604182 432981
607930 165049
630639 173563
523751 617349
73846 556677
257707 830972
858818 398400
309125 891099
838140 664479
958752 719218
7122 743247
523716 768573
349742 444055
514693 561469
727062 930371
561707 206765
472101 812269
810597 480349
701361 631210
460471 807255
764152 325975
257613 861260
155709 25888
426138 753972
206162 843260
568421 965539
994196 662559
234378 212801
429705 216247
756858 538481
808828 827909
679877 110437
50973 813066
199925 224866
158440 619256
195066 514294
412882 118276
720602 114399
368050 544932
401614 626033
93070 732029
341998 251877
981783 758231
298254 62628
314838 990186
344656 242222
812286 167309
842166 486925
33871 813053
692155 710983
323239 163562
164048 161589
297866 219117
468322 534654
776002 664029
959897 683464
240821 946411
486625 306548
353298 42415
485256 404255
381236 446641
511677 78429
223003 452263
32948 239658
609687 153735
740134 102664
732002 241110
825174 206125
636393 698805
276297 865305
477139 26522
349856 45115
902090 468895
447576 475120
136306 156041
336273 441631
334878 972397
301739 772337
275648 635511
819441 801261
342706 760657
493542 83887
944979 205272
700196 415745
970062 63632
701791 219119
281452 420631
147446 194613
612790 120511
830658 834285
854306 207317
471502 459067
625661 782209
423120 107932
144897 40434
743955 58505
927761 57179
5368 571499
159866 903874
414054 259728
919759 145739
531939 219265
400079 653
742724 413247
971116 920893
245865 511528
286794 342582
703260 885355
928407 20759
536614 318655
282007 156737
768998 341900
954501 17472
892420 934668
98975 35196
503360 460387
119467 410838
126076 581619
20171 389810
362254 802482
853490 160871
849012 560445
541631 565349
282832 37495
14661 702216
560976 856154
297592 421127
291416 580723
996292 642095
117832 178442
799315 237745
162692 276884
336668 785130
707638 540720
343353 419625
803055 360882
985816 571360
846595 360877
211385 825569
1451 737937
510053 714472
737699 175994
395358 200431
221369 364215
793612 700440
352159 512121
278659 322508
917994 964507
887173 909156
159131 289723
522961 553597
811526 663350
571781 841680
593898 450250
259070 777444
263662 320212
906579 587397
752724 156268
100984 917536
923635 41252
421956 451613
665459 772941
920868 141290
870602 71825
78700 856970
719565 722722
373882 560148
267324 406390
723000 282798
183287 638730
797372 121069
937277 864921
820373 897145
415770 475289
839927 73174
847055 281158
14292 424579
738687 145464
756019 802499
225728 422266
426312 969582
865904 225888
728876 125121
694626 732306
481574 835563
236379 644733
763630 683885
753974 259001
215851 254233
806710 211590
980484 641365
777187 127996
631170 531994
65405 247018
435573 72311
802730 407742
793922 496399
860628 829620
555516 228829
417150 362852
133934 519530
59966 360782
553211 524453
979730 387928
893622 739514
673158 467332
846160 637084
750644 390718
797304 26027
63490 862390
854413 896555
876138 209034
134047 403685
880154 826678
399369 55125
185755 421804
428527 826918
899690 157966
416728 864074
923392 611767
189638 669113
246050 522126
454985 184461
525250 576926
332149 331426
877285 952862
608187 231570
15954 442364
511799 381125
626200 237085
259275 455598
385366 788244
567840 547492
752634 93837
661456 514974
391182 207915
961846 562743
968790 294105
108652 789709
439846 622020
608042 995415
319422 557852
313680 481250
468658 125325
895647 761388
418179 620712
441844 893954
703893 914220
576065 20154
851491 321722
611250 134758
985315 942090
978881 171751
130932 887407
683641 886028
984831 990877
663218 426776
365191 379083
388380 458587
505261 642125
354910 508120
666317 884076
441495 86116
518258 803130
3174 268774
530328 71794
752757 450879
490416 291185
356571 79288
993389 485649
717615 247849
22051 975016
348242 78801
414817 502336
544300 570025
42982 627918
111008 475195
559369 112924
999024 693691
693024 309962
811158 555576
571768 594341
567999 787537
430169 16465
955351 634110
977216 361323
391331 433902
606401 764656
291026 141035
123283 657762
326485 369009
724601 57626
612197 144249
165497 402144
676362 380794
986306 117067
7767 725123
509543 393257
399238 777413
869621 11809
257675 158675
25080 57054
641747 750091
110293 996813
336399 386613
181129 454461
521269 790614
867713 912129
583283 213
330810 470564
966016 409191
956736 113108
216698 289686
51742 534882
125592 337040
226515 500601
523493 705500
682902 38432
505810 772968
532836 525925
519705 40241
704953 247825
363860 923145
3906 922126
533836 431120
575223 632978
139282 473315
887575 142712
513285 652183
586712 52460
613169 638765
735340 809260
295235 584424
238207 640032
264469 287824
588937 561924
508036 794513
663925 315779
865695 988156
609882 533251
162986 553753
584404 288470
218558 797437
622499 702891
558405 232043
630974 55043
107006 315325
723809 192370
651140 494233
118890 338146
857222 756079
966915 668889
978796 279678
668447 242969
320913 463449
776659 197505
409707 850785
339985 69065
764002 558651
534633 829095
277655 636743
166829 758691
854059 356183
15759 33012
61308 437245
564554 749500
575102 280153
279216 415466
150394 563318
311181 546574
547484 485877
657718 706961
457004 839792
864604 522455
529446 818073
971669 408164
390068 301324
476940 224581
444093 753933
183134 26916
662774 786179
227134 528331
556436 18808
752937 941004
185263 224833
622267 378464
323085 194834
705181 599467
620672 374524
198238 693752
687650 324270
6232 728047
507716 490945
712972 934926
1410 831067
802536 942661
214444 540693
628965 29782
256449 414882
106585 345531
975907 322394
230834 561138
510285 403054
150634 740027
993025 312210
624655 464143
336458 322588
868861 354925
224214 117009
70029 649975
869886 291298
564184 794316
951540 147959
884092 413461
485660 184168
742888 612483
964177 582387
529268 269371
430338 971817
214578 922781
754255 893377
97209 232562
658426 629969
575331 332390
649356 664125
424414 917182
352227 414425
684836 416357
481496 221875
597027 341430
498835 659098
552673 649179
853131 514100
358656 579610
825972 34229
188199 175818
737865 325139
164531 466095
491764 970003
971483 863819
70857 709917
567193 505547
822309 92418
884544 529370
325897 242685
499582 253432
824800 541824
117682 496346
756800 278866
968349 354145
266450 642605
592017 783534
362927 295242
592026 114488
168904 319508
813670 986017
681007 502931
807783 762827
223224 745226
201031 40861
233877 956695
572220 190763
248752 908279
570807 546753
534079 5470
594393 299186
220772 318894
475018 925946
452240 304877
293969 304843
344594 341262
139764 380875
295849 178336
399892 662077
329073 109359
691329 246638
292225 445580
767033 336063
110081 675554
215715 314493
256216 918776
861366 4046
772832 594662
766876 998145
946931 898587
200863 222332
283882 293819
906204 256086
203439 8613
18366 458962
948589 547048
42007 13233
255209 497677
958907 201219
351409 590999
771903 357979
106035 272929
894522 468160
756942 763945
12342 74819
5983 362161
460722 446489
908509 139091
981377 569238
289512 993680
595959 700765
358628 695816
863891 186577
419549 898040
471282 906554
731835 151832
110505 566864
421280 579545
932396 44869
104358 319600
577755 413732
447150 162602
45466 401511
416265 228650
810391 851921
58334 517504
18605 58827
545147 48480
159707 192291
53854 859508
313182 525460
432018 60901
711216 343237
635171 407678
25031 391198
630303 787081
97695 918835
640340 602597
779791 181552
147195 901309
480703 826428
922327 715240
941058 658314
225067 642491
757978 338136
64782 278693
708345 556238
793853 879875
188483 260932
633 812323
199647 876032
649777 659367
367224 107724
207900 91176
417993 363919
504839 455884
586742 10501
480522 442060
903789 132446
241951 954227
187917 406341
515799 59429
214033 374201
819063 700416
451619 180517
746057 290102
520253 932708
890921 34871
2092 307911
917212 279133
77549 408527
703517 14931
891797 998571
230189 89502
846942 916509
180186 978522
987947 750962
900205 990072
218695 161335
192958 838690
726202 843538
15024 428209
969034 19152
674015 817562
30879 30174
934919 296481
83153 730042
617948 926941
990000 59020
544156 873771
751063 100399
902268 443161
619848 388154
408855 781137
97219 889277
888724 705797
280442 454938
272140 314447
723528 842261
526987 313706
130451 257872
605676 931622
138073 53742
651277 318085
990732 947124
881651 890072
965694 35715
362794 793712
29060 198501
330207 799770
949481 319980
596451 127478
186941 785050
831883 877838
832543 615665
1457 114815
496309 424659
245115 612670
300267 538690
