1 10
100 200
201 210
900 1000
1 999999
1 1
999999 999999
510303 338642
943132 988965
383925 453219
444006 928116
490433 512303
920147 993983
38791 60951
13657 166253
106935 897632
460539 964502
275993 439377
745798 831378
635513 771448
238892 964340
872007 994357
93442 723308
591570 706359
145768 710913
487243 845358
812224 875111
752660 969155
523444 632225
355989 887765
580708 642079
716358 771520
839834 929694
715796 886019
263779 656662
283484 542897
906933 961135
409100 519130
150576 924475
984689 997321
176910 381594
399387 758871
503299 990401
81132 359853
481959 652591
910105 929605
664348 874502
538907 606573
823282 919070
516512 946947
786656 968243
802087 949424
460108 729239
799036 883495
975698 989459
670675 870861
601364 625265
101266 656985
261524 397964
227483 812897
460673 526108
526504 535100
355342 953644
551863 590428
299571 684050
553899 892406
587508 777173
908448 948122
354371 988095
558499 609247
772451 992812
205482 386453
218831 586978
79108 671926
921 102771
780014 925596
337835 660857
893693 993934
521097 626524
986204 993805
756497 912427
834114 928613
937468 954678
638129 715534
164659 649057
800299 951440
930015 948067
89996 945311
578471 973743
618552 688019
576151 810553
624293 951389
708780 949958
229490 378664
143953 774375
862399 918957
180290 506144
188191 656973
917645 943725
112361 651151
285977 383771
612437 676045
214904 743677
924978 945898
887986 909665
524534 673577
260448 984631
642035 672308
409272 829443
997974 999175
991495 993209
389490 450941
599468 725020
642317 917772
188076 498375
793576 990864
904006 922974
737941 888221
544803 662832
679278 688564
817242 991981
766943 895550
430585 978858
148275 773515
558382 628485
177217 795943
118909 952624
727448 850293
773220 985597
963882 995406
213707 638252
729206 792735
735247 812773
55491 66943
844432 924349
571337 589396
696420 888805
552066 604361
958872 992379
566803 929708
620899 642384
577793 903213
703361 766784
612819 852019
524325 651527
883312 884726
447408 964787
283773 341865
36697 618262
360818 651801
483442 731165
63970 441642
608694 818891
319806 398016
812189 948814
843899 895853
989264 991373
712073 993377
710409 756455
347638 746241
216595 930029
491678 766232
970021 982610
859252 936708
385050 695117
948888 962597
796346 954286
472426 706934
877448 889149
166692 276943
358042 997262
100337 440971
585047 769619
714300 770863
892447 896473
651642 970953
876859 935900
314098 670040
87428 528015
103725 186098
725437 857976
496871 715374
184476 240844
685734 718397
448021 765632
194660 786992
877659 975845
21676 151115
979946 990808
811443 824320
619180 652220
877747 965790
461471 867844
558906 720018
384668 395065
108308 331109
189694 953594
747883 764843
299973 643676
501327 569299
663978 934402
285621 560311
786111 801542
486828 742128
536320 549504
844836 980236
40130 615346
90816 296657
767349 790025
42615 191033
737071 839103
92362 623266
184159 495997
495518 853409
811811 904153
72950 692321
937923 962748
801810 852292
59466 895675
934913 957399
67256 817266
342593 621176
79172 710645
509709 792466
487551 803625
290652 353321
778430 850610
76986 372004
247003 587464
369150 946060
253848 726800
971845 988784
816830 999412
711913 847135
368978 989894
970392 991388
516164 908320
642813 812709
761104 816288
812609 974582
911376 963601
313878 735510
326200 413445
46791 243111
175093 499766
920031 969285
454911 913163
361225 595341
941920 999199
642980 729483
422301 876111
706478 838384
155902 448624
567555 641817
370249 710531
805630 950875
769002 915520
560890 875811
263733 772790
99956 204171
920383 948573
508156 891874
50910 588089
784017 896058
403055 553981
358114 634450
11738 544365
346833 931069
807439 906089
147601 171729
941080 951569
954711 961888
720648 760373
546105 936324
379542 897995
86559 866502
755838 776006
489921 921054
578988 756017
63902 707641
987676 992829
159947 997703
269522 993223
505548 976125
578039 695709
898004 995225
580890 789046
280786 722663
990277 994720
653619 685032
663594 822898
235203 765533
210892 608338
206550 559103
653695 907747
819620 886421
824259 839593
719890 967811
630125 681899
765396 810466
618987 882486
144406 828354
124480 438128
118240 665282
643818 755072
616856 927033
560639 594079
267906 366494
276432 761341
273319 938011
725203 878454
92568 159343
920317 968109
833172 966464
999601 999822
974375 984815
402840 820114
900148 995410
620884 828079
236639 751504
11932 33753
173992 745954
680565 987822
503288 694817
379315 748761
669545 699802
919537 968904
587676 712996
94920 804864
599656 759737
631958 912678
780528 811263
20206 128697
794155 889344
152130 466527
825751 889908
757302 981579
399162 566259
465790 947612
448026 484312
626420 799357
129364 901877
460858 826105
27559 907552
805753 847991
530436 722054
212565 360922
905042 970125
996067 996804
549606 633953
484020 979955
843839 857197
86453 614942
209450 773981
315679 685926
376602 770865
818227 948722
333295 437088
175758 925482
119962 333170
370708 676199
80214 187936
648584 712970
653634 676890
125616 436019
513381 758143
48958 766953
229242 845308
606106 692566
547658 621392
667998 712891
399323 417225
731928 875062
400577 605198
579595 841834
638471 904749
83997 955548
105466 836722
66443 628685
166216 570545
829642 923574
736293 742957
760789 922253
475233 719320
324067 973822
740857 836457
537395 586298
518626 547657
174070 307340
182289 521198
44863 998804
116518 331729
726808 870346
748379 907063
516327 736510
904838 974766
529432 859110
104100 888718
161688 579817
68163 546501
294640 476400
534719 946013
10916 910391
173669 982716
302730 758316
855253 940698
551585 655052
654664 924947
972485 998299
246576 437443
883713 897967
879914 892217
541216 915617
19300 982314
401072 951763
288878 956020
408573 477159
303630 620601
200546 780629
773190 957094
719220 851583
316721 545193
519741 821117
341155 414971
186241 202489
168619 261512
507930 821855
114734 317165
990134 992431
133701 923784
546538 908400
877426 936865
827540 924853
936586 941104
152790 541865
716664 968662
829322 909397
879836 898142
223730 335396
785775 925539
119400 543788
575295 756240
7747 540788
848251 916242
243741 598314
631781 906136
726844 756018
61040 469209
563151 944570
898871 916036
215278 655127
403727 475297
974057 993662
769882 922984
288856 899193
266961 456070
998178 999457
606683 876153
814003 957878
976152 978534
365037 501264
564823 772199
606910 632381
445407 715287
700491 709712
969509 984880
360406 463292
731891 856361
829987 989389
921309 958311
769854 974984
992221 994827
506986 515230
995002 995158
909254 927347
230209 470456
85036 956293
735833 856928
694861 988962
269210 443104
766193 993595
154505 299445
966003 966866
582534 644082
579038 679840
575541 696655
311440 494119
971811 994598
166269 175160
3236 58057
274466 357527
595911 901895
794860 939219
635240 772047
981090 984617
521961 886083
741043 757642
275868 492688
553035 920340
795176 813399
347870 350527
179570 902344
890899 913295
5710 438492
604875 730689
289554 645212
542726 716659
468384 937189
57365 441050
927379 945820
409361 950209
425106 874665
217115 481821
736408 972213
980338 984375
130030 178021
416763 458121
85324 355466
642695 779002
283871 976450
226956 554684
197491 503223
359996 744872
46578 149653
138301 502088
987746 987886
679941 691044
776422 988151
199436 988632
960317 974199
596378 685558
718843 728612
698047 859216
549821 925977
265123 701084
99748 692786
773401 992407
971927 972015
952886 993964
465751 737182
56999 684617
991051 991356
884758 967704
657684 897185
52183 622308
9539 120971
848053 927176
504010 671179
984051 990067
536102 704890
508983 702560
177113 691742
277797 313857
400840 642921
403472 755580
168223 543093
656599 956568
50034 330219
474599 591972
5620 250071
89415 710100
875909 877469
846513 984469
165975 927273
464594 728114
814946 883183
248292 367959
110145 597171
916925 921578
382841 812339
131130 859913
12419 725020
193792 592636
905074 952949
58334 387231
546146 600793
310330 915361
949079 987316
390019 781664
38908 421124
14004 576063
867368 910035
633023 666770
416814 546304
255786 599279
920492 985892
81418 844139
620184 853836
948113 985021
664579 931999
534169 589360
591880 939102
779056 889729
160231 200364
943836 954919
514670 698337
747660 842536
87895 834583
823877 942760
705526 842268
387155 484904
39400 255614
121974 930966
462390 731129
350749 408694
96148 507017
52938 173462
202943 376853
148976 818649
301558 966103
77147 681809
435052 650653
348082 935542
788626 790061
809087 820599
455070 920371
465673 884544
133100 929147
145454 736212
182817 473359
132888 442657
968525 973561
313419 379405
211034 697502
831581 899946
21538 811165
857010 935657
972300 974659
660534 963850
504070 899120
803249 980654
907834 984353
136463 601815
233716 599144
379499 744496
660317 926567
993596 998814
944330 960595
689682 723898
606791 610428
309853 815959
995987 997532
699338 842560
497921 624643
58173 310657
96770 420846
728192 763106
576304 845801
358284 378349
708398 834427
403734 786019
309259 993854
287225 906827
523565 881728
690476 706457
790431 996433
96182 431829
774887 926083
176912 194995
939767 993303
76718 903528
163703 503896
275873 392195
862845 946168
121208 655005
881550 950090
373797 836258
118257 333491
230352 385289
537917 918595
250633 791769
185673 511410
834818 905078
804999 964123
284429 654414
127405 233526
818659 867617
243467 821384
53302 115223
292768 513757
558840 864926
82832 716306
952398 998732
927181 948889
128251 180448
695822 870834
354521 456737
716939 758699
48841 80915
128264 774632
660574 694495
625762 738639
626994 834314
324243 808136
309507 416566
860669 865744
955056 983890
620942 677700
447414 753894
442438 608546
120897 284201
678330 770922
491510 815826
649845 819638
31680 663035
255972 936152
267132 706292
557060 923874
528493 770400
152542 702984
744517 878975
990057 991210
145282 636534
183191 984771
657011 926217
490552 822390
948494 992999
285735 589397
443485 931175
294959 639387
383147 747527
718724 936177
25128 739057
911023 928488
946500 989404
842735 917221
900392 904482
606260 850443
812300 951742
160842 834282
921798 969087
10008 381824
236546 699020
134997 685464
904379 992077
74852 162070
690016 785195
792167 858626
907989 919058
843371 963521
183263 319105
287359 521837
634270 725198
822614 978534
176586 898783
400245 507648
884013 907584
281392 580202
800447 991576
407940 582076
431744 551724
454427 584150
851121 992657
898519 935908
991756 996861
462592 871117
171795 996572
868206 878844
173453 792644
739927 833616
581179 602162
879744 987176
453743 560352
895799 941341
469615 969504
150233 207695
230350 529487
234527 687799
546994 847465
183862 964214
962309 979953
605002 987786
997267 999364
968201 971269
252523 625219
859238 914624
471085 756997
812372 929068
482165 929725
961531 984156
931142 974230
621154 632994
267814 430867
708827 826320
354032 439325
771232 865755
579633 896032
98074 728824
687931 957727
784047 959049
832489 925506
607838 702684
267202 414335
674320 844846
641834 990420
49078 751500
92993 377738
194127 845345
222268 442656
184004 938104
3192 897381
189479 670506
599116 874176
12062 436022
775579 837885
939662 974136
901964 977200
478592 489868
634791 937425
659194 740065
13989 644867
374369 805070
466719 935970
308056 480111
762046 948607
363195 963848
283222 937391
477912 877476
649870 722059
399894 815548
125525 720777
400394 566590
860373 986381
282527 977922
646464 661823
58051 802672
882895 974188
720315 957937
69714 737652
969421 973849
657413 698014
92725 923179
88418 874757
466724 819833
570095 737001
25357 693924
536124 716456
188018 426150
983198 995254
14711 562600
339713 448926
65211 922966
237218 706291
596629 960318
346997 887362
305173 637871
224322 682013
972129 977326
110921 759293
733203 784839
699463 752144
579554 619854
607825 879766
396512 491237
469244 719607
833406 991831
168968 667075
509862 651166
478429 869958
137930 929793
612526 816216
666395 902438
600195 932588
327446 877609
677531 715112
733716 817942
628540 971775
885650 960086
381745 429703
8618 570435
569947 732943
652510 767259
852181 885044
13431 157959
836240 887939
240120 596733
510044 651704
782758 909161
351750 621686
47797 531379
231071 866905
611480 831294
905237 930575
591893 957468
247785 856214
13180 167655
300703 652847
847271 929041
111948 355808
72751 869302
991069 997065
435057 542582
993459 994926
467748 468315
914844 928736
785247 808802
956262 964668
180117 792785
198292 834576
852919 954012
622273 777944
323266 699337
234240 690359
573291 820217
811160 859383
569002 946036
403543 514827
3493 333493
326749 775839
374678 626497
366360 764404
17942 263124
50146 675466
582980 702928
417788 442095
499342 957115
895135 949753
995070 996220
876009 921799
198806 596155
983184 988594
202428 675981
851020 937115
826303 960470
603401 766265
303484 433936
28113 312419
476537 759613
137031 244086
128271 779496
292691 514109
195615 951119
146601 664831
247599 720637
121615 755320
350251 381122
256576 770894
352849 771161
671159 775757
473995 482754
285387 330612
558294 857932
402798 963431
433893 940512
327970 686431
799935 998179
905434 981048
86185 326213
133446 212838
783133 797349
296275 572284
71099 783066
174327 630024
865940 877094
212504 692428
34499 663672
261661 286772
855791 872750
941965 983735
358067 635746
424772 552597
944333 973382
683519 850859
429918 949153
44751 360210
908475 995708
276309 686528
593991 941002
907635 996971
265303 981099
992113 995459
179235 824850
926196 974006
284344 423999
146023 503478
428572 708655
768541 888555
632705 806072
348157 755001
722813 735342
527208 991701
956978 990149
192662 934535
226141 556258
864216 904513
890311 991124
60208 165057
967466 998722
775546 975201
813927 928367
496278 697841
415931 547364
232751 306979
199403 804202
319943 580496
808996 865406
479945 613333
511354 677556
216455 682645
848022 939265
