1 10
100 200
201 210
900 1000
1 1
1000000 1000000
1 1001
1001 2001
583106 317758
846533 857481
917781 926377
891248 645800
209090 267925
478028 489716
289826 582734
652070 338501
699128 796387
75898 258484
160481 979173
271394 972466
5498 46555
284804 506581
97101 754719
297439 714794
281163 407815
15383 787492
468847 890770
21385 810983
312727 724332
173630 363214
328073 372068
589776 632060
212240 900429
6476 410130
127632 425995
67301 250118
299885 903152
585598 726467
862197 961218
9804 269549
592308 750180
71571 784322
619275 839059
596048 770443
818691 832152
452549 513162
564740 980248
700766 798292
722871 753087
36533 123636
240749 791559
758730 885010
81755 389892
553044 969001
699712 765600
266730 894482
504719 691058
568905 685790
267282 371273
522221 811930
41532 773605
287502 525404
566567 955440
665017 986262
317606 379133
613708 658699
551006 608602
134609 796106
506148 668557
262641 681754
217954 926518
134834 144686
397486 773722
511029 602293
252079 963795
452651 483825
169157 283756
518822 891648
28400 958364
391315 623826
362793 849272
388882 451574
628438 761952
238424 420063
385390 788304
15200 325827
328758 389520
220599 976411
153013 903739
585261 836013
902604 930292
115039 769890
673476 945600
101126 835231
886700 908153
267066 637892
289168 508343
11353 511515
225779 708174
456466 830102
836363 896060
819986 885069
14211 922574
153400 433162
147739 606760
321519 558237
108296 441391
254900 365556
81252 379318
195765 569366
377739 868972
574482 808283
541309 709432
168533 782197
130581 991860
269232 333887
262532 397778
91741 529702
134634 906818
337093 719763
82857 307860
382517 779255
357413 640897
859293 996193
7738 86482
585905 949426
471563 559862
417089 448226
446796 872714
177603 387972
272073 450670
644078 852020
280346 779267
370822 540817
75360 94127
46658 826769
602151 745662
66209 780987
205762 639869
162327 359334
60350 899823
31626 670723
240111 371084
269954 767982
242309 329034
322819 549502
133946 503463
128880 760029
136246 331108
596208 648461
743705 798438
506826 906180
549107 821979
474424 541172
660824 739178
518756 789304
24125 909011
362425 485344
15665 966204
247078 571203
351275 434864
15514 294150
537828 881636
268699 705050
357007 504894
1412 270189
39714 817429
548163 949141
293660 871988
231760 443926
682245 944236
44781 514660
325555 902840
691976 894274
507757 652018
341513 820066
556338 946196
544807 829921
23858 865023
200952 946144
553455 634576
82568 270521
378306 592659
460634 675300
192558 922491
227769 583356
249391 975547
487864 639692
353949 667817
206333 381736
134228 765373
744164 966020
334139 587075
805094 921047
641433 641840
566372 917231
111859 693955
661713 737706
56683 122759
368000 702254
233024 389135
602279 813121
151419 252792
54266 660194
719233 980522
308896 653202
262626 767683
214223 676063
149706 636067
143668 497688
46595 547489
61532 327965
703783 903223
52998 297938
380918 855253
334171 759650
231861 299434
516610 821553
83047 175239
765900 875068
289858 715988
833279 955584
758715 947478
227875 470383
311257 761794
355992 484381
336967 488497
49006 119448
546100 978981
48770 219736
812948 831773
67841 614875
834745 837676
380798 440993
39920 679404
319824 583790
207895 465606
198634 458745
321745 503884
46805 569601
783464 897490
112959 304762
50030 937594
60061 306945
215332 680579
73303 978800
610211 771674
238004 496005
141151 922486
76368 183161
368835 449740
200641 848722
226033 451977
1001 904820
734137 967718
4684 666315
83466 845541
57543 877880
143581 578906
477686 517506
58376 154042
71103 82653
671462 794405
961872 976044
618398 967764
54248 341914
88780 976742
184353 403402
248347 825546
383151 446172
145373 933110
211167 227929
182301 321129
853042 898144
359787 954308
47657 961839
489180 681536
50365 564811
79530 500057
251320 660900
394765 679647
96511 302772
683340 774357
185974 846073
820856 968271
93669 138977
187612 856169
36638 921167
190635 299455
170823 937956
390086 390704
81799 654393
195503 813497
370279 674787
55730 870189
519158 769830
190744 726329
491864 648108
512828 701225
794639 897620
503587 513377
710473 901477
129627 840990
21208 147818
13535 517610
887998 959396
172185 348142
732573 863617
887330 984872
135169 288734
805052 970034
206546 459972
790056 824888
606929 951246
204865 490437
513470 704067
904927 921382
184029 944150
303391 764430
62285 720659
320193 337056
91396 486254
460189 683057
367735 447898
793953 960434
54797 374044
344478 499967
584524 840559
716560 750874
251124 302748
53910 154678
104802 788600
66115 945731
767245 818900
377038 563064
69888 463658
180198 698913
744932 979629
192734 672012
150187 731509
758077 965143
358560 538523
651481 736536
290924 536339
398640 666485
163724 526062
150673 429603
38145 707171
700323 841654
385727 795608
281447 500007
675535 722379
122149 228122
77281 205622
430325 885009
361403 467649
257870 486671
86546 376489
36483 339911
685162 835792
182111 599828
303080 596396
213306 766089
143308 718050
100044 907019
561700 647483
541415 896597
251752 441399
3068 162184
432950 701511
330287 867118
44018 815854
524558 551386
276300 868225
71337 454139
280242 708910
574734 838762
516784 973230
235817 579002
229737 776893
330500 649108
283899 829426
498943 813190
404363 727436
447140 996912
28415 697125
498021 693846
289882 548112
77993 453107
210033 500312
310123 951808
306274 558054
122858 180306
323148 408298
563192 736917
382889 528966
312389 531908
515160 687132
495396 726379
63002 68326
63492 634876
139980 945747
939073 953040
160599 949255
322017 969916
9129 766393
614337 907789
8568 621133
134172 929696
572996 764436
282493 991602
824303 958558
67054 768317
279403 745496
30531 146328
486388 998785
348225 711912
130565 306977
232265 762676
300926 558725
174838 803972
167669 852693
375897 600606
636050 656539
161812 406774
901531 935068
312659 590909
706112 709923
372216 829773
542113 805186
477627 732937
508117 811579
124644 830466
128610 678207
230178 994956
632956 991171
305462 533836
701628 707547
217255 720101
711249 908944
638086 788737
736932 943180
11850 489473
371266 693261
378890 854567
683970 892107
448028 509778
692307 950256
208739 976528
107558 942389
150182 990101
103514 602532
399881 562931
25318 249840
531984 550349
55063 979367
20111 209697
407286 497279
122921 561119
464327 888274
377167 750011
560471 704079
32945 867846
209213 981921
659568 770474
72812 250364
126180 150102
355783 756402
548809 858896
86715 535052
26856 193856
165760 285014
156420 312207
503729 939386
118685 690949
659688 802615
106054 870725
402349 890139
324046 773109
308155 603026
477008 918749
7877 559556
350677 724606
299737 853061
327117 593263
332659 822810
68119 171381
461740 972404
30242 856221
136118 395393
760818 814861
722068 976150
220988 789158
186353 444352
598937 915423
779712 911013
183639 830428
93384 584481
172869 409397
24118 740562
23738 657706
377368 443803
534943 779939
602699 993787
25879 492462
817081 928588
144479 911761
329535 743154
574705 684744
263070 715659
444172 641709
127859 615447
553925 696498
403875 747189
198662 735573
40891 716164
592417 870239
612148 658399
402100 697850
140154 186994
58869 756534
612458 668775
300247 851648
215813 769958
335894 376190
4099 569981
338561 900954
403869 760150
10329 29116
205516 833028
430148 986594
367239 884629
789625 891967
603768 895563
783665 956668
376910 860179
52454 536743
608381 805697
140196 952056
558803 994240
833502 985636
708684 860692
483994 881190
579589 595263
608956 640145
387835 761781
97196 369477
13808 590107
77218 579405
724490 735879
586903 791086
564156 767639
899524 998837
82276 597748
152687 846046
45920 573499
514693 748779
65467 765527
96809 745623
418648 695340
225669 810696
829351 891929
254550 876666
565557 768122
281276 392289
263149 677508
319537 576693
189067 805480
650969 819247
812956 815519
286760 823612
76280 356804
276216 279946
479426 610359
341673 384866
41432 680561
302157 480614
715995 986202
306939 834648
533422 997185
114360 191637
484414 690876
593592 852995
741954 863688
342160 495477
102826 978337
768763 839811
256483 975628
131621 902450
28768 458466
497949 529721
211837 428441
605033 892670
415381 853916
56169 507053
87267 640181
208037 719699
721925 976479
332033 425821
260227 802714
542317 929423
427358 867037
511323 801148
270844 524593
424391 772545
32317 643537
306462 501993
150729 332201
132647 459424
149474 341912
102076 987010
692580 868372
380207 732163
671007 824473
685720 739033
142219 333269
405912 997384
190506 629211
167332 571125
7982 793341
86536 384356
209523 857335
189475 820292
131005 820984
360453 661761
853868 957166
56280 990061
98471 711083
417053 737788
689610 738712
730293 924523
371017 663518
125518 239426
210623 334777
197301 593655
89491 535421
62385 938346
61383 487862
556551 579199
457736 812464
624605 734282
174309 353115
7993 799128
91232 926685
526839 606557
537804 793787
309904 963268
22921 915118
119323 537754
233358 567028
785987 882512
551701 782759
221242 594697
418119 459319
181773 772651
158097 318424
222499 875559
471667 566680
870701 886041
14930 552143
70777 743309
327630 803957
74284 575483
64407 780477
577629 679427
280895 751292
299180 538151
608564 711195
42474 321637
498178 696432
63767 669290
342965 382553
21777 40125
645210 871441
949136 951694
800194 865916
634365 869527
29548 727638
43618 830981
48450 728210
29615 541307
69804 269402
641320 881136
110772 164662
857258 900244
89726 695968
24777 617882
351368 537162
327849 989467
160868 531463
776447 902778
115956 601914
272345 560213
832335 895369
335326 438538
808311 871580
335536 543902
459668 624101
185625 247954
517772 637849
142656 612874
270335 531179
81024 308646
41568 382832
189616 490713
656603 816876
216825 745087
572609 665126
834928 893596
302760 682204
595676 899681
117765 659015
64275 954086
635820 669857
349719 688750
497097 693550
838637 863186
177671 293263
534239 788466
66808 494663
268378 953711
28871 254848
92723 287731
142071 652376
682339 734570
623500 707892
635154 702828
107251 660907
183868 414899
550237 589297
567394 760842
831700 862039
133870 213115
506282 537127
283119 684766
754857 923151
76590 814813
392351 988939
590751 718180
164603 612930
165870 169920
119746 994403
201762 534633
959610 985568
467205 998965
34276 408797
430496 481571
334563 426763
183328 642192
103603 248262
173640 529859
570561 625747
266629 555735
136179 831978
808162 916846
42865 71422
703099 718301
195028 626331
226986 379649
10878 129382
650824 842692
459074 647692
235634 760347
614688 886383
563088 933635
390311 798754
173025 303677
519994 626425
338332 459896
275670 527044
643686 655448
340107 793850
512344 618373
2070 937098
419739 765096
414243 899745
69641 593916
481846 757458
193082 375220
96405 357065
521814 709585
69134 659242
154332 513555
839576 904419
197809 869525
406223 811746
216434 705320
64445 753279
359426 765148
458632 941425
45552 896035
89776 878459
425036 491963
95036 483112
17049 854855
693965 914291
658873 705611
441843 726506
389405 478507
217722 816464
493999 699116
645407 714335
513410 793945
587442 694743
114037 610002
304422 811103
626494 681505
184812 209455
404590 752466
258638 356991
29221 784801
40996 749179
569101 705589
104627 562628
428098 455814
381258 488136
109315 205366
554194 680724
303806 983324
253100 510814
475886 736545
94310 589652
183300 679459
437311 438243
215254 292617
208023 521146
246851 400082
177277 340118
8274 807489
606445 657896
316424 408796
619555 973708
271798 936418
595907 944675
802977 980862
633600 816292
193437 204811
339273 968425
205276 394020
222462 805707
447299 845210
118877 842251
750108 975627
171304 296132
939512 996189
359900 432847
43897 396483
75394 841445
401732 733504
695804 739104
645206 880073
779587 970752
397705 839028
455013 595755
43064 497428
607931 675169
712383 865286
95364 874847
12973 835434
24886 755591
413754 557209
691650 734688
805204 937814
347291 758233
418507 816342
763370 983503
139942 919814
737546 744236
248539 692880
95678 552854
337985 651689
44005 656689
39950 367473
180960 611666
187310 997261
92830 955130
600370 684689
628340 771865
251976 702921
581648 959329
230132 769397
573530 717767
440882 583859
117160 335499
129617 788961
323317 498012
90403 130919
583141 810497
64511 677670
597590 641905
193220 387134
295797 469864
280931 662436
455674 615515
807734 980936
184787 226102
65364 209476
450686 564310
48182 562580
366718 763557
414094 900732
444465 622870
72246 404529
475688 691670
274858 948214
302609 437212
598161 752899
684755 831899
66020 335691
381289 562751
925927 939255
192671 959093
694117 761941
170725 918463
456960 913849
423093 552726
448980 722331
350712 798410
356853 976142
366621 836850
210533 379172
478229 798685
665513 893762
224039 520946
764670 778907
86423 298710
656886 822339
405485 812243
410189 462556
817948 905144
640865 703826
116898 799618
283450 715532
174332 898221
91850 569173
404261 731568
73207 348447
340345 622102
315895 815149
190372 198833
107673 683336
305638 766658
641852 920621
278119 665685
495495 936821
694738 892682
451556 930292
97890 344553
431629 774958
227775 720667
271161 801654
624137 991109
266991 513325
620523 975098
107126 290394
667503 771584
15712 460557
382574 596860
179224 855544
100930 948408
801886 973357
806973 844767
551606 943879
27569 68533
165711 559044
479771 484391
683066 687555
459853 753437
24788 333296
243197 951610
438905 696847
80222 972007
415128 862508
498190 945418
477670 885331
72995 230348
532278 652343
135237 591264
229733 451936
116091 617285
104946 516452
48796 357059
108453 535708
159771 494705
501703 824397
41139 256582
809166 935488
372258 621065
315268 413699
62378 636150
416280 869080
619039 623764
41160 840047
165280 523150
722927 988490
349093 486105
90121 680239
20717 862297
396648 677500
505218 762807
347731 561447
392634 405663
485324 875567
326923 332322
475254 963689
825447 855721
146988 537666
171227 921494
514239 830014
558485 933435
386755 650267
2890 168331
574835 971908
27771 329532
373014 645885
480511 684721
26300 672362
10855 92312
