1 10
100 200
201 210
900 1000
20 30
1 6
2 7
3 8
4 9
5 10
6 11
7 12
8 13
9 14
10 15
11 16
12 17
13 18
14 19
15 20
16 21
17 22
18 23
19 24
20 25
21 26
22 27
23 28
24 29
25 30
26 31
27 32
28 33
29 34
30 35
31 36
32 37
33 38
34 39
35 40
36 41
37 42
38 43
39 44
40 45
41 46
42 47
43 48
44 49
45 50
46 51
47 52
48 53
49 54
50 55
51 56
52 57
53 58
54 59
55 60
56 61
57 62
58 63
59 64
60 65
61 66
62 67
63 68
64 69
65 70
66 71
67 72
68 73
69 74
70 75
71 76
72 77
73 78
74 79
75 80
76 81
77 82
78 83
79 84
80 85
81 86
82 87
83 88
84 89
85 90
86 91
87 92
88 93
89 94
90 95
91 96
92 97
93 98
94 99
95 100
96 101
97 102
98 103
99 104
100 105
1 7
2 8
3 9
4 10
5 11
6 12
7 13
8 14
9 15
10 16
11 17
12 18
13 19
14 20
15 21
16 22
17 23
18 24
19 25
20 26
21 27
22 28
23 29
24 30
25 31
26 32
27 33
28 34
29 35
30 36
31 37
32 38
33 39
34 40
35 41
36 42
37 43
38 44
39 45
40 46
41 47
42 48
43 49
44 50
45 51
46 52
47 53
48 54
49 55
50 56
51 57
52 58
53 59
54 60
55 61
56 62
57 63
58 64
59 65
60 66
61 67
62 68
63 69
64 70
65 71
66 72
67 73
68 74
69 75
70 76
71 77
72 78
73 79
74 80
75 81
76 82
77 83
78 84
79 85
80 86
81 87
82 88
83 89
84 90
85 91
86 92
87 93
88 94
89 95
90 96
91 97
92 98
93 99
94 100
95 101
1 6
2 7
3 8
4 9
5 10
6 11
7 12
8 13
9 14
10 15
11 16
12 17
13 18
14 19
15 20
16 21
17 22
18 23
19 24
20 25
21 26
22 27
23 28
24 29
25 30
26 31
27 32
28 33
29 34
30 35
31 36
32 37
33 38
34 39
35 40
36 41
37 42
38 43
39 44
40 45
41 46
42 47
43 48
44 49
45 50
46 51
47 52
48 53
49 54
50 55
51 56
52 57
53 58
54 59
55 60
56 61
57 62
58 63
59 64
60 65
61 66
62 67
63 68
64 69
65 70
66 71
67 72
68 73
69 74
70 75
71 76
72 77
73 78
74 79
75 80
76 81
77 82
78 83
79 84
80 85
81 86
82 87
83 88
84 89
85 90
86 91
87 92
88 93
89 94
90 95
91 96
92 97
93 98
94 99
95 100
96 101
97 102
98 103
99 104
100 105
1 7
2 8
3 9
4 10
5 11
6 12
7 13
8 14
9 15
10 16
11 17
12 18
13 19
14 20
15 21
16 22
17 23
18 24
19 25
20 26
21 27
22 28
23 29
24 30
25 31
26 32
27 33
28 34
29 35
30 36
31 37
32 38
33 39
34 40
35 41
36 42
37 43
38 44
39 45
40 46
41 47
42 48
43 49
44 50
45 51
46 52
47 53
48 54
49 55
50 56
51 57
52 58
53 59
54 60
55 61
56 62
57 63
58 64
59 65
60 66
61 67
62 68
63 69
64 70
65 71
66 72
67 73
68 74
69 75
70 76
71 77
72 78
73 79
74 80
75 81
76 82
77 83
78 84
79 85
80 86
81 87
82 88
83 89
84 90
85 91
86 92
87 93
88 94
89 95
90 96
91 97
92 98
93 99
94 100
95 101
96 102
97 103
98 104
99 105
100 106
8 9
5 2
5 5
5 3
5 5
3 8
2 4
1 2
3 3
8 5
53 31
32 78
33 72
24 84
98 86
36 82
73 51
90 82
49 60
98 59
82 15
64 96
34 70
72 65
75 41
65 76
54 61
44 20
19 57
60 86
68 60
98 60
53 86
34 40
19 98
11 51
77 93
29 10
16 38
16 87
67 85
39 33
10 54
92 72
61 69
13 72
36 17
85 84
26 29
54 58
22 23
55 75
75 87
96 96
81 54
96 57
84 49
45 82
10 43
68 90
46 83
60 49
32 63
94 23
57 98
21 32
76 62
95 40
38 81
81 11
97 98
52 51
28 88
75 66
95 43
43 94
51 11
95 68
68 99
55 42
65 25
96 99
87 88
81 36
29 68
61 21
89 76
87 58
84 65
88 22
57 55
56 42
57 64
18 58
93 72
35 56
41 75
44 57
99 21
21 42
18 81
71 36
74 56
98 83
93 70
37 15
26 42
86 11
47 20
68 30
64 23
48 39
50 59
15 32
95 82
16 31
38 24
89 25
13 36
59 25
43 86
21 28
68 93
31 67
93 31
18 28
42 53
90 18
81 66
87 57
10 79
14 80
47 64
97 58
62 67
34 78
33 54
14 64
73 89
34 31
44 75
87 62
37 15
82 69
38 13
49 82
20 47
96 31
63 98
54 97
31 11
75 97
30 34
67 39
44 79
10 75
83 97
87 22
69 73
74 97
25 68
16 39
40 33
72 38
97 13
87 60
58 76
35 99
57 56
29 24
48 31
41 59
45 18
98 81
77 10
55 13
38 76
52 71
14 10
28 39
46 76
41 34
85 53
24 12
14 16
96 44
18 76
77 74
63 65
39 55
26 34
14 39
69 63
32 83
51 35
86 51
62 93
89 69
85 75
68 14
26 43
16 83
79 96
91 74
21 37
337 725
612 929
721 978
174 683
388 818
199 821
249 648
165 707
609 614
71 802
213 321
19 554
417 938
91 174
478 911
432 527
594 622
517 983
25 620
21 532
54 993
72 341
718 899
39 162
15 484
145 666
241 726
603 603
583 887
510 631
583 608
435 749
463 606
156 877
244 427
737 843
206 998
220 659
504 569
373 878
152 708
485 656
687 704
374 634
647 962
676 832
53 369
657 922
574 789
696 914
113 834
100 751
75 867
524 893
593 837
218 632
78 397
397 618
203 314
400 947
433 750
240 663
488 619
148 372
40 535
615 873
6 306
578 988
657 949
274 659
463 605
343 360
333 493
172 855
222 487
77 377
202 866
359 887
531 748
282 357
33 672
677 975
66 807
107 880
73 953
314 502
156 641
788 989
797 959
581 832
184 660
45 384
375 904
94 567
145 317
86 368
674 899
75 184
149 961
100 583
23 416
60 946
122 471
71 108
401 608
355 389
13 644
306 448
470 658
158 641
209 433
695 816
300 307
72 522
51 430
562 740
296 607
732 840
33 793
40 508
416 852
361 764
754 846
376 930
370 530
209 454
24 727
456 556
202 930
670 839
252 269
162 660
65 149
265 514
439 549
136 801
185 514
189 706
10 186
882 974
94 911
394 529
812 835
198 758
168 997
508 870
217 234
552 764
481 839
163 500
55 863
332 864
317 675
6 815
250 640
416 674
177 481
51 698
89 498
59 709
113 589
698 837
615 662
250 960
474 768
374 725
565 970
101 761
946 953
171 624
195 204
256 860
209 828
555 565
74 134
91 348
738 775
446 783
532 865
47 994
663 818
580 804
386 680
735 800
72 207
190 844
136 442
175 294
106 843
749 911
165 843
341 815
547 884
213 856
169 534
776 944
59 884
580 715
29 743
384 391
459 666
521 887
676 702
632 976
840 965
27 646
471 822
351 943
798 960
4 500
101 767
770 854
983 992
311 626
869 937
74 708
598 827
661 748
988 1000
262 302
972 981
703 800
208 919
504 956
822 825
3 951
469 901
571 830
357 475
691 931
191 222
214 750
648 751
194 413
608 723
298 505
433 845
812 863
439 453
740 941
839 905
416 729
518 858
862 892
101 667
209 213
217 534
448 600
858 998
439 892
231 854
690 878
580 812
104 870
882 983
809 835
749 930
930 998
392 871
107 478
196 224
578 770
837 992
977 999
756 932
494 918
977 999
603 996
482 507
409 913
27 845
867 965
861 963
786 999
985 989
24 831
254 911
2 153
488 580
145 961
258 345
378 600
51 313
121 675
143 224
800 976
766 926
43 749
61 109
148 247
369 572
823 866
599 781
336 814
626 759
787 881
553 993
544 585
916 931
287 335
449 509
674 750
2 483
134 813
94 294
526 902
619 747
100 625
557 726
397 482
843 972
337 581
261 366
319 653
450 947
617 626
464 636
444 785
632 934
745 986
443 709
431 928
291 584
869 914
181 553
595 648
615 824
138 899
524 909
912 938
158 880
650 762
52 587
622 879
330 362
170 670
559 971
587 883
840 867
99 365
717 889
745 892
512 947
582 838
982 994
478 897
817 941
443 964
271 317
470 692
41 786
851 920
665 892
769 882
119 521
716 956
564 967
289 398
419 799
796 844
938 977
494 696
866 929
295 396
377 614
696 786
860 957
412 431
114 815
806 941
419 919
593 815
863 903
48 381
636 863
724 749
401 698
935 935
55 645
196 324
999 1001
293 974
227 655
88 127
807 868
226 297
188 689
953 997
564 968
631 850
140 880
457 775
67 902
776 814
415 480
974 977
418 931
744 750
710 734
609 658
