1 10
100 200
201 210
900 1000
1 999999
1 1
999999 999999
510303 338642
943132 988965
383925 453219
444006 928116
490433 512303
920147 993983
38791 60951
13657 166253
106935 897632
460539 964502
275993 439377
745798 831378
635513 771448
238892 964340
872007 994357
93442 723308
591570 706359
145768 710913
487243 845358
812224 875111
752660 969155
523444 632225
355989 887765
580708 642079
716358 771520
839834 929694
715796 886019
263779 656662
283484 542897
906933 961135
409100 519130
150576 924475
984689 997321
176910 381594
399387 758871
503299 990401
81132 359853
481959 652591
910105 929605
11235 388179
65583 136551
68158 776473
69218 489538
8687 794686
75816 857962
42573 407217
27565 472124
92346 346074
44308 518202
17315 492780
71768 167361
63768 709356
95922 711816
2034 988177
81676 433351
63054 135674
30156 226887
43317 424715
23573 799028
66145 414577
32090 222701
19697 66957
80698 235519
96898 871074
20726 474513
51550 879966
97779 479964
13873 323960
80874 973126
80184 932317
28260 999837
65954 250361
38935 180775
75340 223578
50549 188649
70427 186757
17264 44121
67636 657835
46909 436125
86947 309433
1846 874560
19932 526717
68347 421687
78331 339015
13983 640689
82903 536314
58609 430534
3573 581428
33261 560747
35881 575364
76479 298522
70748 688063
51195 327171
54841 177562
88679 824140
20256 779205
19033 529349
24474 569574
63745 189300
26355 862199
51073 696271
14847 503217
52992 701539
2103 770816
87084 922354
64939 220875
35687 732445
85238 468174
1900 773781
57627 935185
98473 527024
57597 822826
62379 236161
92158 538595
66207 152412
6011 357372
74486 904503
23334 768814
17794 804046
69742 944204
69403 624536
84696 291227
75240 761297
74037 468026
48152 403210
41502 550595
73300 651380
26827 305958
56951 471189
74237 610355
87773 840781
91076 293330
67913 962795
16136 161705
43476 259384
41779 651131
46362 635860
41775 702110
15783 508840
59325 935182
29495 582092
6772 981846
65620 418371
5703 207766
10238 771212
34039 278386
24519 571715
87308 974897
2243 647708
32079 146277
96340 685327
5148 628200
40388 305551
48745 751332
75645 474992
83673 157531
87594 677929
36969 895490
87047 147823
21183 253295
83332 96137
86382 494396
95054 867642
86803 587449
33374 503488
50959 705166
56106 652240
52760 159068
11422 698989
53195 183393
85488 408390
79838 556649
56390 72353
53881 496269
6843 808377
83892 502593
2127 472958
5722 57656
68896 790595
4068 478441
43732 113397
95027 894189
86211 131263
72264 990390
44479 304116
84753 708970
44879 350645
91677 93655
45128 337053
1829 345804
56180 568485
57514 851796
62690 909451
31586 842137
27944 494836
578537 942035
825858 291941
728323 929695
747547 207426
164683 924510
298033 22268
812381 861371
787159 609640
839336 740463
969294 558171
432348 7458
995198 605162
422138 724718
113647 535200
407401 961604
968662 256333
755496 270759
943396 521007
370522 153930
538178 344333
115714 100333
704128 180513
806011 257024
631998 232190
986525 353078
426040 597964
774824 401682
635353 50157
969101 830733
768867 655892
331609 998245
626115 485680
45631 582082
613199 953747
472719 509925
821997 97572
626605 646204
668334 59158
15257 631049
651644 108536
419179 947396
728516 799237
696373 712473
934430 120797
81339 729955
810638 19604
772484 444012
466713 710539
171535 726007
743280 264229
758405 948529
988321 975805
131384 150354
425746 244895
883373 510721
383784 600220
29056 370975
700700 127336
752342 106737
660562 503311
17137 372569
277001 340460
879396 6281
898430 228719
262181 805004
420923 731207
820851 414383
876875 578599
109834 488606
953262 77918
40824 333735
627004 637106
790410 4587
294187 803449
985857 69652
226271 387356
611367 540412
535883 428981
81840 941047
354336 417468
325328 543109
113286 373958
673485 352503
589898 339606
999548 770333
214362 896197
248288 796507
642594 521300
348301 974161
532846 607294
331054 350911
842613 414224
793078 99325
804034 720388
938953 238365
353271 990001
823286 645075
306033 791913
57960 717187
383866 182188
849752 15201
87106 75509
673366 429540
838440 482525
533739 309045
721460 268741
327446 424136
838969 597502
890982 576411
909319 908057
941753 207573
985660 370034
442552 349949
772785 896564
195078 100963
220705 611840
231225 768271
845723 192796
950364 641329
585299 173356
350819 92373
134785 205591
254549 183272
785965 1959
965851 987822
837036 544509
34040 494861
126245 814113
704180 164025
166325 494348
464014 948361
153497 425024
663702 773988
386800 304642
856776 582829
196648 456956
59348 905070
16712 436890
807359 594349
399539 172131
213737 903278
869689 412612
580055 787288
664847 32600
918233 905570
112179 559140
434204 223229
138539 382212
439212 158232
881652 218852
420881 401657
937575 312059
155961 380689
123666 421673
967776 414707
419850 840916
228150 136458
419131 37659
849798 627012
696309 211574
133763 750949
910277 215312
933404 719488
758138 601635
458242 536094
468640 543274
361136 579440
302070 931598
62286 85918
973467 291577
385226 745453
735229 614364
214298 865178
882145 933112
451948 84206
735775 381150
578420 914023
893601 636104
478152 51515
183111 341798
809515 660784
865018 193888
694630 754990
838363 979954
284419 772113
885856 464626
106495 549593
58065 477098
330773 302953
216686 117604
827109 278147
325679 854935
350790 567261
711255 224344
54332 428067
7399 701837
969235 112172
593780 446121
537298 618979
426847 340710
802761 454936
537101 35882
300062 538107
168531 147886
855056 56428
343455 640116
222968 377514
141146 558594
263786 592218
54584 497141
334009 856878
808859 235210
355467 173971
928726 413738
667970 661683
422351 53166
576192 188070
344732 241167
599318 387950
507693 520924
173080 603822
328951 134902
281474 49854
410676 899987
533874 111259
728973 212697
212066 565592
629808 515340
15969 833986
893427 70763
536304 483167
108882 482566
711529 581857
490127 873009
5296 45899
399559 793602
684034 244854
549787 459546
663210 206418
694908 336359
730820 657899
302022 24189
414162 306926
675500 140435
626905 66635
966299 191758
625184 286478
105828 844000
607994 298366
345385 699368
397453 29942
305529 842930
963562 699346
766472 421983
224966 333218
948959 597748
537997 911897
967974 876175
121327 760304
951968 760657
567831 742113
120611 667720
878446 580847
226741 138807
190935 926362
154022 951634
704300 312234
297096 756440
751410 106474
382985 165170
401253 48823
563674 514854
346293 601728
501520 700504
968035 326861
36723 124415
618962 240879
791747 925902
617351 708277
841767 807877
157584 992920
854083 23611
605436 84507
886802 901547
720296 196972
939520 601661
257572 81639
852712 222218
560197 619382
995593 463194
621111 344204
859513 381830
511475 149047
299037 836593
706059 186572
498315 809455
819165 358931
804487 520499
191016 410345
800644 240393
567450 555377
277233 741240
391406 273668
810442 344861
721356 837808
489689 976294
690727 274116
102950 675888
95456 247692
344551 754316
549961 882039
605523 776839
761150 67782
583462 532090
720037 495153
59977 263607
802655 238293
55276 111547
22988 668444
258675 547302
207972 386119
778388 688912
362383 751844
698098 138558
159374 469544
339014 73686
59818 434926
696690 20393
189319 755346
963066 627191
880632 538748
770633 461323
485421 687576
941138 251829
412494 564569
413670 435415
628258 978869
44299 552797
266359 766380
221258 812805
531624 212672
960819 984899
593970 416478
521119 191194
902531 986199
689495 207963
223270 73277
20223 252542
95600 984935
325030 719513
360184 14109
57440 809373
561922 991728
246125 667163
372061 502295
144330 490769
423957 837802
774703 861855
802398 28933
403550 580028
742208 176930
436858 638472
186311 78321
357982 55939
689355 516006
242792 428349
831572 49220
523386 762760
388729 734393
93462 116610
223559 84364
277850 941753
365507 481175
366433 119536
50738 348421
297823 443516
185739 298185
384762 663979
316976 16088
844368 535111
305128 90025
817453 258577
294932 547883
479418 188819
230313 354923
46725 544329
362821 604607
469128 186225
71940 703421
593604 636849
589422 520887
629932 135566
768947 683168
563219 211775
549409 679254
124789 648332
294727 469910
990379 353883
757880 531403
287262 971236
293510 77921
100299 71062
134674 617553
805635 805674
785914 667662
947856 500832
543028 492308
247799 31738
869911 130124
824799 792078
15363 700548
244910 583590
375467 314022
997103 38694
516800 776310
767332 634717
362671 740359
15021 561071
576314 90380
704547 827857
90082 139602
162976 174155
100905 225255
675977 341944
427063 244633
265660 714001
817762 221991
409983 507141
921027 730935
675233 959454
222465 654557
840836 273562
99588 395667
415221 533913
580635 54523
958781 764295
956246 481108
358532 561047
406778 181748
237530 782254
938277 903403
597916 156629
542388 812169
949174 683008
349341 567161
229077 453451
134877 508267
649070 123920
913276 962798
929706 361400
339058 608046
828755 39797
348054 173843
389168 869018
849839 843460
401631 413853
704365 574241
50514 804708
934299 412123
799154 70365
534183 853215
968633 568656
667302 253484
709178 94741
837009 209482
476652 483025
978455 334529
652809 373272
1504 981350
650163 495350
206250 810409
59904 705318
832105 118235
13206 175233
714521 348983
759636 339754
81063 832614
705280 847410
33757 789661
765204 623522
889888 409102
987088 336368
98391 315342
462928 765557
71118 690877
575325 967550
8769 484138
510202 765675
569583 689806
98668 74438
510429 149446
262450 298326
577168 23349
173889 782940
981733 753952
752575 753334
986002 609522
401415 424233
546282 987623
596369 285737
390047 21273
869174 380390
676862 887021
775079 201305
934307 683775
126996 705430
189695 825206
342424 545803
170620 276485
296316 491001
938457 782120
180964 221039
803085 504690
319611 317274
301824 664017
702832 327932
284167 661499
943448 438766
775943 578540
384146 890531
207324 129841
275777 185489
430086 559412
446451 568964
809884 871738
448622 232297
666089 96561
768879 161962
27529 129481
872885 656654
399497 805793
721337 609592
761863 341283
143359 777529
760225 509583
317823 767292
393024 545676
287153 185759
119163 927891
887758 908354
878537 662125
615245 266905
765563 441457
754530 900748
822740 118309
34061 131460
153458 663943
458262 847685
41562 93233
289689 986045
1999 384453
700182 761792
243541 171626
203488 398511
98546 393860
702030 840769
288778 313195
802824 148947
206019 434161
400843 3949
547373 350556
265488 386411
983569 906856
162616 969863
983370 294351
819595 134179
296941 304877
814497 178843
924892 815496
790659 222895
759816 796690
921023 566184
223069 61374
276304 79715
314243 912460
61347 535315
347291 99208
810307 325508
142124 894832
652796 562626
959060 299696
235800 714733
989138 34804
137561 191420
70019 378963
476793 176852
189374 829830
846026 182579
775193 593148
909464 473113
527257 448884
739329 703647
528418 381470
748978 651991
579264 329864
106217 474185
289961 718027
986017 472226
676854 486119
652978 869852
926219 346580
598772 53818
622657 475316
408706 121047
883188 492515
664510 963191
498786 64004
368250 671722
895200 729845
42031 555098
236181 685927
142019 323910
232223 460935
165485 786055
187250 658236
261916 554542
764485 490805
781804 889214
749226 970526
444395 961935
787793 689541
602522 940862
139926 509944
301695 260208
671713 116644
223127 796494
471527 854544
999124 166732
895388 16283
883076 40888
360398 239571
45072 631727
83656 989275
693591 751375
626274 819532
381730 295517
338653 86569
493411 339499
674155 792762
126466 996542
92902 922332
81378 894030
907628 208622
158319 225822
476374 682577
198684 520358
781404 290320
684152 928139
246508 321744
69429 369694
159063 2585
548390 442185
442921 129750
713102 737289
799804 684276
806919 252015
76623 323681
157118 741655
899315 348495
821309 728979
953559 793978
794902 251297
651800 741340
655040 607724
463 784087
126820 131019
687838 905890
309233 558780
208407 94444
2867 883165
842950 160954
432063 198296
567015 359767
784856 120917
378525 920453
705106 926660
895810 914905
352937 107790
320320 714800
854683 195453
397535 475391
35810 59900
424204 173583
197289 131850
557298 650227
473174 641753
999762 125321
552888 888740
126086 477277
77769 696074
860844 963045
425969 305070
479617 529219
334090 435936
273100 518490
341809 442190
360894 753824
130999 533505
719489 767259
139300 960858
952632 408577
604017 469394
508640 866884
574704 477750
343667 376767
532426 21983
977053 311970
457459 107868
183543 819771
173870 17809
699101 59201
227424 390530
723913 444514
854176 29784
828740 239799
58761 321712
396728 769698
506566 756141
260202 448229
505796 642729
212260 836910
888205 331571
218783 103437
869920 173077
546332 713505
782013 684498
574214 691913
605646 85320
645704 717978
589462 712314
296473 963379
769104 608116
811237 941877
903226 818253
108550 479650
654075 720084
60782 613243
150491 712517
242800 912317
820759 301295
820396 32120
666961 818002
166564 38189
596003 15004
294599 145213
463790 555044
709794 287830
37813 390725
371622 384254
718148 307470
320261 213843
143576 440682
330549 798153
149809 984729
303033 279475
237647 644560
625669 901490
9811 326148
106833 406661
674934 967359
672527 246508
405016 358233
123542 850909
974356 902912
619314 661042
673071 62528
679435 10598
69326 956936
198632 754092
646156 641289
394105 688984
356887 249035
350395 78880
399009 369034
407774 245349
737891 570138
135483 478404
140876 490096
57884 319968
451394 99813
866715 78276
844593 196000
717106 238804
830230 543807
190956 323755
200443 74953
840904 766439
811963 167241
948049 725183
255486 726212
155007 376481
479489 823569
613579 412075
801047 864226
853929 801575
775609 835554
479844 727033
31806 116452