711707 890166 
392343 567280 
158343 496079 
866598 184737 
483318 428902 
619115 700976 
964699 257131 
917686 102259 
722299 361630 
530030 825413 
569054 436933 
336925 527294 
160335 764241 
49368 343599 
134375 120847 
877899 467666 
250060 225914 
649456 29089 
179248 4393 
185630 316239 
259885 5085 
600948 962267 
956466 899728 
650965 901502 
908493 240817 
81139 14337 
717575 429917 
912640 644596 
815038 522232 
303499 157226 
310270 741949 
35105 818450 
448754 323467 
727618 689526 
192736 900851 
671769 546057 
360556 548847 
955761 616463 
946995 173068 
354 593249 
798890 571896 
672573 251332 
237850 227767 
885751 716889 
535708 208910 
715323 152216 
102434 388564 
387811 224728 
569400 356334 
748406 747288 
136543 147379 
88138 859325 
280660 66105 
643845 744286 
306353 725932 
331884 144541 
75565 381400 
329327 98337 
487992 339041 
891384 837147 
352093 912039 
426148 840630 
718526 112493 
981368 916641 
273703 615588 
576419 152559 
148312 76604 
719970 793310 
544376 994618 
370365 340277 
6804 453754 
131563 313904 
345900 613054 
440953 95525 
403461 600875 
258818 248501 
268060 291109 
296837 602089 
27801 893062 
707044 330822 
602624 264295 
43769 86956 
775313 674421 
533752 316599 
33769 949182 
951021 624996 
533958 104135 
114624 323195 
960578 252680 
734869 174694 
995544 894865 
456677 228021 
65767 849486 
24958 274304 
388924 583597 
109826 562445 
572998 229991 
241596 969424 
285295 132559 
990578 125636 
352598 706047 
319916 864044 
972884 828921 
806516 414981 
602970 394870 
907508 408680 
214560 147245 
572057 865919 
647189 176215 
520559 423613 
459238 24285 
650049 821812 
275149 886201 
609929 246134 
702028 363004 
472031 512362 
195443 491667 
138935 232092 
999147 24525 
358313 515681 
531051 748728 
981380 93151 
279652 562595 
545799 387674 
560026 704610 
867431 227914 
350235 296057 
935841 476767 
375365 891590 
670666 469567 
186209 611687 
146698 528862 
187705 757301 
771127 139144 
684655 439031 
72885 3958 
109099 592039 
494586 5389 
287757 582746 
89240 370175 
653213 819995 
884147 385120 
524293 541135 
412546 643354 
677224 695260 
696250 782536 
947819 184869 
73812 27428 
243984 514345 
502304 688300 
464393 72357 
298007 757675 
129751 437561 
662794 213717 
520373 788438 
741173 673134 
127216 652274 
45040 776639 
726118 461060 
416224 285015 
264034 740455 
233113 268165 
799787 976562 
699736 840349 
404494 216054 
416771 784186 
158705 517729 
833914 533146 
5626 999447 
322569 373720 
170875 754403 
276141 618504 
700583 488134 
854287 183584 
532522 332506 
587560 606685 
548160 537421 
824859 267681 
763197 202772 
486011 188341 
811674 514616 
249506 342428 
969366 429227 
649910 75818 
549228 735556 
162876 532918 
553612 231864 
310941 688556 
364594 524857 
500297 571653 
903809 321988 
367932 246451 
620241 422635 
733742 144103 
83746 465742 
510714 729602 
734820 288325 
15170 297708 
329028 478119 
194552 277441 
908482 315966 
85061 23313 
441054 324024 
309152 766160 
745156 772972 
785233 224190 
654672 330878 
967243 451285 
515504 721787 
35722 777855 
746213 407752 
942175 430775 
736622 760502 
817158 786710 
736687 92402 
770698 380805 
455471 939490 
814371 137591 
963365 144409 
201723 521920 
537272 245754 
362249 103635 
210994 474474 
984496 871743 
715451 701185 
598262 109458 
135263 715907 
281940 771352 
336377 577064 
798399 168582 
838125 993951 
789416 696215 
77269 17271 
142311 887890 
174553 131253 
653085 378722 
447702 849154 
912847 783373 
693124 944801 
617212 924484 
148055 481187 
106947 533662 
777426 770200 
661886 709308 
91677 676307 
971280 608184 
252057 988169 
288442 263930 
292184 125190 
835734 6056 
21509 913364 
88148 853172 
879779 349477 
860676 908482 
378678 455284 
806147 556468 
548805 461901 
231469 218612 
283116 738306 
434811 411846 
549158 283647 
918266 457409 
357388 375388 
620322 836238 
252834 871131 
617105 898028 
289666 254115 
572555 299956 
181246 953006 
460464 276617 
69054 432979 
805449 963030 
307897 769008 
195085 123531 
511133 684116 
808918 680479 
766835 710759 
254621 865455 
940643 432665 
8753 939490 
287430 688767 
182904 618816 
904682 756862 
324146 7563 
24869 12088 
529732 196791 
235482 337179 
835201 288454 
200905 568950 
168567 225832 
42702 121663 
273129 455970 
647284 571111 
674509 322717 
925634 206204 
816205 485048 
500453 489751 
980186 879148 
313403 109224 
874252 21498 
346734 902319 
783356 475774 
869664 454710 
21710 473342 
184053 83426 
708777 831752 
307901 956020 
993005 330844 
50289 150519 
639458 684167 
911572 723763 
802310 763781 
576690 86410 
127621 953591 
298478 267125 
243609 752211 
173213 137461 
373641 275108 
480357 910499 
962653 47163 
316370 869179 
837407 123539 
106388 970254 
980440 270720 
988515 368771 
449996 623654 
537206 298222 
324431 315432 
45537 32828 
604516 359249 
578743 917786 
328100 309221 
194153 815519 
869086 224496 
250722 785756 
401934 866390 
858097 201966 
717625 703891 
373553 719221 
732717 534031 
407070 35277 
232778 982984 
278964 138097 
988868 252344 
174756 642437 
94079 76015 
120328 193626 
288423 306724 
921072 524493 
835442 953286 
790018 245463 
403754 77060 
816802 602917 
131825 473806 
592497 275993 
734388 181545 
415084 820775 
92518 764446 
722514 367979 
64300 178560 
889770 234013 
196831 829116 
740802 271396 
310973 719586 
150986 134935 
334544 320557 
860547 398523 
318133 987425 
51945 445848 
294750 919118 
275172 291869 
171020 340072 
468433 626504 
712161 533898 
450235 691324 
164946 120562 
262667 342675 
606888 534461 
941260 505683 
650465 637547 
49995 959232 
880318 13616 
259310 401238 
711886 220169 
696409 445 
547724 115304 
420020 888029 
356458 512962 
350267 757355 
296722 858311 
409432 984961 
563307 837893 
114856 921631 
449916 556053 
467017 948397 
863481 461892 
39233 202319 
163560 563243 
978638 935770 
935819 526897 
362349 227670 
626878 969891 
239917 689499 
41034 693689 
392013 988048 
253224 187610 
802410 698077 
989460 497056 
786736 846491 
106702 969299 
908020 669843 
349321 62909 
664250 211343 
46180 59895 
80024 772336 
465967 514907 
377890 475138 
673803 784397 
246922 265920 
191441 411802 
395082 441154 
800628 307169 
388746 535049 
443744 952723 
624449 189749 
829051 905663 
611075 59113 
206452 218395 
174533 788297 
691058 544637 
718967 678854 
801242 587923 
222706 931440 
311282 54224 
673950 247982 
893264 996516 
751642 665465 
788266 858048 
850801 708070 
335969 426614 
385634 567738 
663668 929584 
951043 478910 
357879 49062 
69946 631219 
950769 182513 
90133 352801 
826836 422198 
494234 437827 
902203 317290 
862925 249574 
308193 569848 
985142 266075 
573666 746084 
584419 192840 
989177 88691 
177627 694923 
215780 507709 
881010 276391 
517395 263332 
473671 212058 
837053 643624 
122822 994212 
269206 457401 
421595 783466 
162017 779741 
300063 188196 
824923 200065 
700083 713855 
287584 281670 
169351 12572 
743307 307882 
718590 379047 
857211 935052 
607346 35654 
288835 831290 
245009 626367 
192022 420104 
902410 416374 
387590 598785 
290157 515999 
989465 850857 
861140 646699 
302860 183090 
373 807692 
481662 238261 
132411 317837 
327402 48604 
351204 124858 
180007 770885 
821805 717052 
313883 282749 
326495 362859 
749748 409529 
599561 410003 
795564 592963 
465859 186416 
472450 153357 
793722 833987 
657070 15037 
462394 796607 
425452 730951 
91887 684009 
114469 144059 
792396 567443 
695671 384673 
259291 402561 
350336 439713 
86175 320179 
348664 965096 
240965 306200 
466176 119005 
244385 574714 
544370 692035 
707495 886548 
819308 43714 
643180 111565 
782053 203343 
109247 210119 
81019 761992 
331616 471776 
490217 569993 
884587 930392 
3984 686188 
326339 120206 
945069 461429 
485370 985116 
31162 173623 
381977 696825 
163393 931489 
924184 759158 
606019 510904 
679521 833173 
289570 541059 
12082 983484 
901628 365475 
62220 418161 
473936 303434 
677068 385110 
601181 669085 
456808 709835 
903082 815206 
288893 510859 
854448 279187 
801314 776650 
858584 180091 
29588 905246 
929571 624960 
960497 792713 
728328 370764 
152695 684673 
87924 576701 
443122 48160 
194372 161350 
113970 508916 
426962 603730 
909710 360509 
551024 893702 
94694 252677 
451758 69779 
839634 440466 
150545 454997 
421810 911157 
901196 777372 
574694 547934 
507649 366934 
19252 506285 
911465 819267 
582590 922494 
608329 938684 
921003 282569 
44917 43905 
556893 489580 
908382 827595 
76003 534098 
40343 144601 
393438 446893 
142292 775755 
142650 110628 
947539 227265 
922542 562960 
131627 465593 
345527 530477 
914127 406568 
303402 670835 
548804 682175 
576963 182074 
857007 48131 
927647 911043 
703332 480196 
439525 583069 
710505 534137 
106027 974881 
807160 610284 
644033 171081 
292372 82181 
607335 542562 
444300 262255 
822243 921417 
322959 21294 
243345 980408 
662646 667623 
726843 519711 
133997 758622 
938258 739190 
906360 184963 
711111 251423 
717668 200406 
129856 193549 
415722 136382 
689104 509955 
368421 694004 
441769 849500 
963868 917218 
493522 398691 
960856 975649 
548787 759342 
369126 792863 
373679 479916 
108151 493466 
565691 596971 
822867 403293 
787520 937810 
852658 345797 
680349 363128 
706300 202937 
576342 829987 
966012 240093 
331119 560243 
291288 718983 
992493 988877 
949853 998303 
829311 448078 
786850 424754 
352969 406388 
643672 198386 
317807 722227 
157833 298733 
812148 419466 
344237 699495 
831765 917216 
848444 465969 
53832 895617 
366113 429273 
297532 158764 
167180 717844 
205157 493045 
314370 945185 
731340 334992 
672639 408886 
479412 775208 
89272 260118 
901754 644562 
110788 898753 
22600 37594 
274793 978078 
928757 679478 
741707 596876 
68518 940292 
910139 479451 
805407 360768 
529627 391141 
610773 601245 
761496 777742 
795442 24685 
842742 387509 
731748 22281 
524655 484783 
435466 200052 
703612 581144 
766093 801937 
777793 862333 
498764 403620 
156750 700733 
729254 927133 
317930 345356 
510390 362354 
577329 679319 
441042 224684 
885267 564488 
25627 814001 
481225 550243 
565708 720773 
733688 901949 
154546 410285 
3601 682290 
38769 883485 
56787 866416 
442933 103489 
269064 936951 
786086 105054 
688490 201691 
210207 220683 
918587 571159 
717395 415949 
168856 926478 
320896 821638 
488257 641817 
639130 243451 
721399 996193 
710612 737348 
135263 193195 
831884 908541 
700180 28427 
324515 325140 
477804 630073 
717103 13030 
641860 317161 
955724 201098 
807538 427958 
434938 589853 
145264 676760 
619608 280181 
651016 800575 
289112 999542 
101880 213331 
449199 733646 
861089 52478 
858401 146612 
112834 775518 
687850 192656 
770361 788940 
89842 537260 
153368 885171 
925459 808510 
550682 237048 
720951 689442 
819255 395926 
10269 219533 
970423 253748 
204333 476284 
499070 809866 
429860 523208 
965867 503913 
476827 20880 
112561 166854 
417370 165731 
219184 598177 
112624 675276 
797309 414622 
217562 756189 
873834 955847 
2174 566569 
124152 163220 
885375 681993 
703742 866762 
353471 19287 
712837 558853 
154434 779444 
925628 182201 
316012 911768 
361418 383944 
25678 519941 
219996 979663 
203721 489202 
703848 640106 
720400 966279 
33632 636067 
987305 155034 
437210 208301 
120654 932607 
998703 498335 
319125 144167 
677816 926802 
407331 501855 
856342 436728 
59661 111045 
834376 457493 
69232 927680 
705401 681935 
830605 216252 
256284 246652 
804604 510293 
963747 254201 
432215 827522 
862522 950148 
121298 143558 
529200 783874 
47327 254206 
43787 612876 
852965 236665 
79320 166528 
847859 320414 
619131 125653 
865085 461897 
724373 290068 
388580 634542 
586182 198122 
682708 483626 
801098 610906 
579337 958005 
322099 829206 
164620 608093 
372922 611801 
965712 631968 
289607 625846 
311166 409231 
987912 235237 
549968 260328 
536649 419482 
985156 813581 
162306 2197 
84855 859732 
98486 208209 
892952 816850 
653180 905569 
575068 165537 
50505 593570 
357153 679220 
616469 549180 
743684 542068 
856913 373983 
458208 95577 
84192 793937 
267097 717913 
192528 573544 
804448 595467 
13463 112358 
690577 199889 
32333 629303 
941351 109520 
208036 411771 
962703 660376 
858130 487919 
923815 769150 
502565 408852 
105776 135916 
998305 629929 
445145 754034 
452825 589664 
542221 874424 
557299 792182 
155621 141649 
324950 372534 
447896 764420 
244705 730073 
299860 709948 
216995 260323 
767023 661087 
988123 288774 
573878 297166 
423662 16532 
639873 833811 
254813 20914 
746754 421425 
61806 156472 
601438 316276 
826257 343308 
999464 947198 
759838 404689 
916784 695506 
579248 287201 
79388 37812 
514903 695676 
388484 796679 
325673 97055 
627555 221423 
832264 514373 
786734 65695 
685061 968246 
290482 392132 
285056 809187 
366373 824290 
881114 724168 
311587 639328 
642073 66358 
422394 648249 
886489 769314 
154817 49230 
435393 616260 
901320 604012 
896300 891042 
549313 344635 
25087 741630 
857010 387787 
981760 746149 
1581 706358 
551427 683648 
738776 112956 
567701 46406 
202657 87195 
996842 921252 
483666 577480 
107723 596144 
532057 460662 
487924 627481 
397470 666541 
444435 682889 
451843 842289 
580050 857384 
161872 51596 
585632 522344 
453986 934112 
539997 807593 
270676 570572 
845162 404100 
105083 130611 
962191 334594 
475980 222053 
241812 464053 
61027 374669 
713576 98021 
709434 571718 
514531 439118 
723937 301947 
783450 570011 
498366 250027 
460018 27668 
245934 875523 
854022 699157 
499374 523723 
546239 482872 
974345 245883 
760457 166563 
829337 815630 
378985 932562 
110060 282350 
481513 496870 
421948 196043 
416352 259496 
58488 302543 
266764 792809 
610845 234822 
136031 644222 
463665 298962 
663736 165185 
174340 123679 
563476 387424 
898450 132371 
541524 486603 
437056 513986 
54933 251967 
426227 747563 
392775 910789 
489550 973959 
187784 476012 
359499 234224 
786431 340980 
291814 903732 
16835 730780 
734657 953327 
346317 703620 
463760 1407 
804109 541582 
514923 83854 
395690 622616 
792713 483132 
366769 282708 
742614 777993 
817821 37727 
319833 418710 
417633 771359 
942727 788914 
370533 629976 
13451 107241 
892815 23969 
54098 960591 
281586 551571 
8428 454161 
374954 11997 
269449 747225 
779675 997162 
527163 970586 
598169 31441 
271461 42801 
407216 540155 
417205 24215 
567118 440044 
163623 148034 
789479 911537 
782105 603230 
179807 39307 
979191 369225 
5390 241613 
46791 402521 
71227 393873 
269619 669065 
898551 867499 
610607 486974 
287571 187455 
206735 143134 
228045 41886 
338622 36041 
241863 855769 
287902 313986 
319373 887017 
647373 629128 
801185 370265 
422782 711136 
682540 494185 
332526 656608 
943636 307157 
589753 766791 
669470 560058 
727358 869799 
547428 785767 
538531 740512 
172487 924607 
537217 221870 
236645 787307 
