459 666
521 887
676 702
632 976
840 965
27 646
471 822
351 943
798 960
4 500
101 767
770 854
983 992
311 626
869 937
74 708
598 827
661 748
988 1000
262 302
972 981
703 800
208 919
504 956
822 825
3 951
469 901
571 830
357 475
691 931
191 222
214 750
648 751
194 413
608 723
298 505
433 845
812 863
439 453
740 941
839 905
416 729
518 858
862 892
101 667
209 213
217 534
448 600
858 998
439 892
231 854
690 878
580 812
104 870
882 983
809 835
749 930
930 998
392 871
107 478
196 224
578 770
837 992
977 999
756 932
494 918
977 999
603 996
482 507
409 913
27 845
867 965
861 963
786 999
985 989
24 831
254 911
2 153
488 580
145 961
258 345
378 600
51 313
121 675
143 224
800 976
766 926
43 749
61 109
148 247
369 572
823 866
599 781
336 814
626 759
787 881
553 993
544 585
916 931
287 335
449 509
674 750
2 483
134 813
94 294
526 902
619 747
100 625
557 726
397 482
843 972
337 581
261 366
319 653
450 947
617 626
464 636
444 785
632 934
745 986
443 709
431 928
291 584
869 914
181 553
595 648
615 824
138 899
524 909
912 938
158 880
650 762
52 587
622 879
330 362
170 670
559 971
587 883
840 867
99 365
717 889
745 892
512 947
582 838
982 994
478 897
817 941
443 964
271 317
470 692
41 786
851 920
665 892
769 882
119 521
716 956
564 967
289 398
419 799
796 844
938 977
494 696
866 929
295 396
377 614
696 786
860 957
412 431
114 815
806 941
419 919
593 815
863 903
48 381
636 863
724 749
401 698
935 935
55 645
196 324
999 1001
293 974
227 655
88 127
807 868
226 297
188 689
953 997
564 968
631 850
140 880
457 775
67 902
776 814
415 480
974 977
418 931
744 750
710 734
609 658
230 648
27 843
376 665
716 921
862 895
887 951
188 719
312 418
103 666
26 627
309 959
435 665
721 784
41 265
282 957
751 917
789 978
745 874
299 485
450 992
832 932
114 307
242 764
572 746
787 872
281 943
327 659
347 637
695 944
434 727
246 525
312 666
169 390
617 688
46 767
778 936
596 744
320 467
226 533
610 984
687 914
444 895
430 888
946 964
888 935
788 872
646 666
398 601
891 1000
132 433
858 896
468 771
469 744
204 648
382 562
794 843
224 430
403 586
129 687
415 870
616 688
481 593
50 905
650 863
773 892
953 984
624 908
584 708
143 203
972 999
476 984
296 589
85 895
114 540
941 999
289 893
422 545
764 910
771 800
280 981
611 881
911 995
80 834
89 276
72 347
515 820
556 743
210 607
467 889
597 945
371 921
42 497
244 366
165 349
705 886
953 970
903 936
767 767
605 938
444 740
778 841
843 945
559 574
621 944
887 939
910 917
572 849
53 332
361 796
595 837
682 791
955 983
776 882
861 895
217 628
686 726
814 940
405 463
560 621
332 544
752 773
403 762
335 552
486 589
171 498
994 997
455 851
398 790
27 727
458 901
777 861
592 666
449 721
138 572
949 1001
401 585
407 859
301 501
512 726
187 577
635 822
482 849
487 610
560 752
88 514
291 778
837 853
472 948
398 990
315 799
635 951
587 597
466 520
693 730
801 827
194 949
650 657
861 961
286 376
277 355
103 131
880 974
185 497
380 533
236 326
912 945
391 912
235 549
716 981
166 335
40 635
662 783
527 716
910 923
860 898
516 598
999 999
715 777
148 227
866 998
904 959
189 789
910 947
941 949
526 543
406 641
811 832
844 960
948 984
647 660
937 1000
740 948
731 742
978 981
279 616
646 913
613 969
199 367
993 1001
797 921
379 756
936 963
96 553
762 834
761 765
329 606
759 947
741 927
665 668
501 577
334 642
120 592
481 560
637 757
322 851
331 574
476 904
275 762
723 774
552 710
690 767
75 878
419 637
293 725
1 916
96 602
221 890
672 898
942 997
279 479
359 505
438 973
470 626
621 647
182 484
392 402
321 408
278 610
660 874
443 852
278 1001
412 673
249 911
397 457
163 403
436 637
227 593
332 428
706 811
967 979
524 773
73 518
78 981
444 941
560 949
86 128
54 570
520 742
470 838
738 774
525 681
803 894
564 627
343 658
490 622
910 956
884 979
151 449
117 356
593 621
897 915
557 572
651 879
241 308
127 409
191 624
184 252
57 441
23 246
661 728
440 888
716 979
264 768
703 772
647 927
591 911
71 155
675 713
295 797
998 1000
743 946
687 831
573 761
694 974
837 948
864 923
390 771
886 934
95 243
522 634
885 905
379 658
720 835
589 787
439 453
347 393
427 519
875 899
925 929
908 952
211 742
504 749
191 400
623 926
700 881
204 784
210 533
936 995
797 867
438 679
89 575
447 624
76 215
983 992
930 940
601 922
975 984
446 631
836 963
627 780
612 757
463 728
65 157
71 386
14 652
117 526
731 825
37 244
878 980
194 932
826 851
840 897
828 915
239 338
559 638
138 297
668 679
739 830
898 935
567 988
721 769
396 585
251 928
66 455
316 920
160 244
953 964
334 786
546 798
602 830
762 920
137 141
157 171
92 875
316 373
915 972
901 972
672 762
497 720
280 545
321 503
449 624
467 957
501 857
200 347
697 918
626 951
300 609
739 856
78 854
774 998
368 879
368 521
603 979
235 754
429 974
227 396
866 947
630 645
366 853
537 773
730 934
562 702
971 979
665 957
586 885
608 637
708 758
59 947
29 1001
294 885
83 421
956 997
539 694
395 592
389 467
745 867
245 840
935 974
205 208
626 969
463 924
876 950
772 886
113 916
733 755
547 976
661 782
138 875
403 586
280 950
219 314
271 350
384 906
635 745
866 994
464 905
705 894
83 815
15 929
505 806
330 653
377 862
192 566
349 625
51 207
760 890
28 789
760 956
288 480
990 997
317 881
713 791
22 56
554 889
792 998
904 996
314 928
150 703
892 997
886 961
534 913
425 638
407 992
669 887
860 910
457 529
700 747
724 875
331 988
338 451
214 785
528 949
697 831
744 958
260 292
85 425
854 955
801 884
313 721
389 430
607 667
215 721
76 971
34 830
452 915
825 834
214 583
874 988
984 997
10 510
485 556
897 975
673 986
901 961
466 836
164 906
343 415
734 812
154 260
876 997
845 945
735 998
989 1001
729 942
322 874
533 959
207 461
191 940
126 649
964 971
298 353
885 993
189 302
531 929
711 801
353 833
834 859
21 101
285 375
868 889
784 971
322 502
300 368
59 698
895 979
356 854
314 660
420 973
553 889
122 331
649 990
712 983
301 744
322 546
736 960
619 955
777 945
810 986
311 797
957 1000
50 522
882 885
20 83
571 891
70 889
379 711
729 885
92 228
343 617
898 976
141 895
574 861
63 399
115 595
741 930
172 302
19 575
729 731
183 442
420 632
994 1000
846 927
153 631
731 1001
109 318
1000 1001
162 179
653 920
447 621
724 817
63 578
546 832
641 799
402 932
656 678
467 835
251 615
646 835
371 421
908 925
453 778
118 994
252 409
888 984
374 641
782 867
509 637
580 904
232 325
847 996
741 853
414 791
833 961
74 260
637 973
479 507
2 820
908 976
747 998
181 471
140 614
367 633
690 793
431 942
440 543
235 777
167 962
97 816
994 998
990 998
529 909
722 987
14 404
449 564
237 771
202 493
510 828
119 990
41 523
885 958
745 970
626 967
140 818
249 952
992 993
780 834
495 846
811 926
901 957
625 865
853 933
827 990
263 888
171 694
666 912
825 886
796 961
990 1000
900 938
28 603
121 545
708 995
123 948
499 945
517 824
792 883
926 938
363 586
110 121
116 729
783 966
834 917
974 993
323 446
339 485
250 844
800 941
972 976
583 638
34 325
601 901
135 251
351 435
489 535
354 573
561 611
990 995
588 835
999 1001
611 688
748 839
106 470
594 882
833 973
145 275
409 805
623 943
494 679
155 339
106 747
299 762
918 986
557 865
250 652
381 561
608 669
54 405
957 997
64 941
243 547
704 985
359 384
579 883
249 811
168 634
379 687
560 679
436 470
294 922
54 182
903 909
35 48
670 690
661 684
296 533
527 708
75 909
957 999
995 997
629 651
558 872
176 771
919 953
262 623
466 633
609 893
246 361
828 939
946 974
528 962
487 709
925 955
328 955
770 858
382 386
820 962
641 718
611 937
295 837
511 523
535 651
900 928
395 709
318 447
799 906
758 935
1 696
627 884
380 824
921 960
640 992
943 962
161 359
874 957
930 1000
369 596
459 674
260 771
752 871
362 652
449 772
611 998
739 775
894 1000
917 996
374 849
492 641
220 245
11 42
953 968
205 503
564 614
295 862
742 796
242 639
472 526
340 683
858 956
48 389
19 965
873 931
117 594
238 881
529 677
575 990
249 589
446 712
953 978
498 752
976 996
227 478
912 989
971 997
982 998
433 869
496 584
858 898
175 189
746 770
742 966
868 990
5 260
447 727
141 280
715 929
221 252
84 146
778 985
591 700
300 961
743 1000
997 1001
322 853
119 584
130 723
606 644
892 974
375 385
986 998
