1 1
1 10
69 54
77 55
46 65
44 79
75 48
30 48
79 37
36 48
79 71
34 90
45 86
67 44
85 48
24 53
45 62
62 41
42 57
89 73
20 43
86 29
33 38
21 25
32 27
17 27
42 87
43 68
10 90
21 78
36 43
28 47
56 58
35 14
19 33
41 21
29 44
54 89
45 61
47 13
20 29
24 33
55 76
52 43
80 67
23 12
69 78
51 18
44 66
56 40
55 23
73 28
79 12
52 11
14 70
40 30
79 34
30 24
71 19
69 13
90 28
22 48
54 35
59 60
21 72
49 60
46 37
59 28
15 69
52 14
85 35
11 28
69 66
84 20
15 79
78 31
29 15
36 42
35 56
72 17
76 22
69 49
52 39
19 31
36 21
24 31
65 80
24 71
60 31
74 26
66 16
26 44
21 52
70 44
51 78
34 34
72 48
36 39
39 57
49 44
49 42
38 38
9 152
1 284
6 310
6 348
1 446
4 351
1 281
6 271
2 118
6 197
9 153
2 144
5 363
7 104
7 247
9 237
4 303
1 341
7 110
9 138
3 186
6 228
3 248
1 307
7 221
4 374
10 281
9 244
8 207
2 346
2 142
10 446
10 320
8 205
10 271
10 205
3 239
5 220
4 433
3 397
3 161
5 316
8 452
6 128
7 169
6 276
5 363
4 271
10 192
5 183
9 144
2 429
10 358
5 146
10 133
10 359
9 463
9 275
5 448
7 382
7 154
10 460
7 487
5 195
4 411
3 405
8 141
6 125
9 240
3 357
6 490
4 414
3 500
5 143
8 442
9 220
9 289
3 317
6 462
1 240
5 326
9 217
10 473
1 463
3 395
5 204
6 468
5 419
9 221
5 278
9 130
10 330
6 420
7 357
5 472
4 136
4 251
10 264
3 166
2 136
10 456
7 307
6 284
6 440
10 199
2 257
3 112
6 372
10 299
1 365
4 254
2 139
8 312
8 222
7 497
8 211
10 187
7 195
7 289
8 288
9 198
10 467
4 492
8 494
3 407
8 464
1 367
10 387
8 209
7 146
1 112
3 319
8 264
9 308
1 323
4 388
8 364
2 152
4 280
6 431
2 400
8 126
8 210
6 376
9 337
3 415
1 358
1 170
9 286
5 271
8 469
9 182
2 316
6 473
6 136
7 454
1 438
1 261
2 339
4 366
2 193
10 436
1 463
9 303
10 105
8 288
2 273
9 455
4 131
4 231
7 453
2 161
10 492
2 284
8 318
7 112
1 205
5 341
4 322
6 273
3 437
10 382
9 100
8 172
3 287
8 195
8 144
5 126
4 314
3 382
3 353
7 167
1 361
5 480
2 458
6 439
8 109
1 125
5 294
8 441
100 200
201 210
289 90
378 318
322 135
130 376
42 52
203 86
436 368
268 54
13 467
228 16
42 377
486 291
265 378
218 350
404 265
244 111
496 104
134 285
33 49
336 19
9 249
491 236
227 374
303 399
181 270
226 246
367 265
267 9
415 403
191 193
231 261
461 21
180 301
136 86
224 241
191 137
160 396
191 83
159 96
9 375
251 288
395 313
265 27
28 124
370 1
300 92
410 384
212 181
111 24
29 18
27 315
35 416
418 310
500 483
156 211
313 168
387 119
351 405
100 137
95 37
279 45
7 408
51 200
362 409
49 81
193 30
48 319
204 28
260 306
430 140
314 415
188 369
183 130
484 54
30 53
247 352
229 249
85 348
293 370
134 323
496 329
138 369
441 127
444 64
455 379
101 415
305 336
26 137
91 211
368 453
392 411
38 442
221 235
209 272
44 355
455 240
17 407
213 96
124 303
482 329
733 544
628 681
615 871
888 797
956 577
833 780
563 958
768 886
883 942
529 772
850 892
561 513
510 869
661 643
919 979
726 789
658 945
877 509
556 509
820 670
679 956
947 584
886 591
805 846
590 888
954 852
934 806
730 598
656 723
921 786
777 849
626 966
545 686
687 809
590 810
842 587
669 603
887 829
937 637
811 585
955 904
835 612
589 749
814 707
863 760
651 803
791 750
992 974
527 524
545 661
569 707
908 737
708 513
803 672
621 846
755 757
741 663
785 535
525 896
816 917
815 527
519 693
712 917
735 633
1000 896
892 869
699 626
835 971
757 615
816 778
744 934
734 561
634 580
643 620
886 942
520 539
642 691
650 527
772 567
546 948
501 545
644 517
720 535
707 537
510 977
501 858
908 586
926 565
878 666
522 677
861 702
889 713
633 761
952 564
800 805
678 840
764 511
939 983
860 955
602 988
838 873
812 601
889 561
986 831
904 595
958 788
897 968
743 604
978 682
694 644
906 634
742 650
759 706
629 923
636 955
635 937
920 881
594 652
863 688
918 628
918 536
732 693
683 854
827 605
909 614
796 740
799 548
682 879
554 921
698 759
827 900
600 712
996 924
585 704
522 595
767 563
961 982
881 570
762 962
561 872
668 557
886 721
862 921
716 805
515 905
890 968
845 592
899 894
737 546
882 585
636 685
796 811
820 531
625 861
943 545
993 708
538 508
864 524
633 516
736 742
968 737
521 959
687 696
967 994
575 672
866 535
635 584
977 677
645 693
939 820
704 817
513 527
527 573
705 657
988 603
954 869
776 705
722 522
960 544
517 675
865 661
697 908
615 825
584 653
895 928
763 811
781 864
675 945
997 533
571 644
980 834
665 628
782 512
875 839
638 795
676 603
984 760
830 884
640 782
860 522
900 1000
5049 5586
2562 7622
9293 1253
3403 615
9834 8959
3623 6408
8867 4849
4726 4683
228 4502
7127 5590
4102 2425
4198 9562
788 8730
9100 7146
2640 1254
8333 7583
7299 4570
8112 5534
520 2439
6008 5844
891 3348
9688 7125
5027 7570
9796 2470
6377 6066
8270 5839
636 198
1161 3737
9067 3733
5555 2927
2665 8504
9956 3154
8406 4447
5963 6587
2049 110
8214 73
4168 7729
2410 3026
7529 6499
2704 4474
7005 5404
3218 1853
4142 3674
1175 943
4842 2853
8323 3684
1870 5260
6941 1424
6894 6017
3538 8040
2261 2019
5195 951
3142 4475
1248 7630
4067 8718
1515 2799
5506 8512
4940 6186
8170 2100
6584 2201
31 3883
6469 2897
9982 6937
3999 7742
8001 7734
8071 3516
8360 1745
7056 6639
6998 6605
4971 2351
7753 900
7993 4181
6098 3380
6226 1529
8876 279
3980 4649
1454 2380
1574 7201
1668 4078
7160 8067
8985 215
5633 5189
7246 5111
5437 4761
499 4642
9874 9992
7033 7627
2565 1050
1092 4260
5694 9323
9081 5266
6102 3997
4063 3731
1757 7782
9368 6357
5027 5587
2152 2811
5424 1388
7773 914
7622 8140
69173 82679
91956 60691
77970 61257
10676 53832
27884 12209
98592 77295
15813 71131
35738 40910
75096 72067
92130 40279
19798 94825
61835 43067
25394 40971
24126 32173
36534 79852
27110 93369
40750 11443
26703 55306
12821 73853
51096 28921
30848 95634
24584 20029
89110 69131
92101 13655
53110 27083
14068 49159
63567 87293
63100 57506
55555 71295
26586 19324
34849 28200
68813 17679
38475 37484
75234 27024
91963 93545
24264 51955
13180 25087
35146 44412
92168 12049
16569 51920
86321 41457
36078 33920
48734 49357
58049 27425
70312 85145
28980 59279
69795 29870
61616 96721
83057 91084
91983 97553
30841 41307
71783 70585
82150 54719
55611 56295
77939 13520
40320 27070
57856 94804
71914 88564
14207 58226
55200 31484
49819 92156
69676 96460
27672 53538
26863 55716
19155 16320
36262 90662
80400 99241
45964 50540
39904 89466
61404 94846
67992 42687
32148 97438
29292 73640
24600 10643
38335 26223
77900 93423
99347 81255
16541 85334
50507 18287
21814 92946
84989 10953
55459 17693
18938 62392
77664 40847
14588 46688
33466 92572
45898 45528
64398 25504
73777 62371
86660 53640
52102 32318
40063 79958
24207 41736
59925 62050
55529 10101
38887 91640
65581 10542
28458 66514
22124 91683
89773 79629
376013 498719
735603 761277
517112 642712
832692 374319
259893 695019
200658 875181
273476 620794
695113 682956
457677 997555
453251 449033
523245 105453
811443 948795
112632 696827
935535 877795
555468 528996
991298 666400
411147 534789
427209 346349
502270 259171
333486 136804
634710 857648
973833 826716
969136 369436
122564 259432
928709 686197
214537 480059
753635 839651
477136 551818
969366 746059
351257 193236
624104 814397
599243 657571
923002 375744
394039 500713
192966 518993
112990 754823
214115 847079
165868 908596
779516 815746
134811 106581
207781 414895
534450 196947
857432 300219
346386 379825
923801 496006
793436 848830
728372 378349
851926 579188
418080 608472
526796 808269
888561 233926
106432 664074
371920 573706
276465 496142
675703 775588
396997 524419
108727 934342
887656 263837
807542 883784
689521 486279
821345 310280
608390 577182
661385 674024
379664 586825
200691 357229
650921 324269
931286 295263
365145 776119
357051 110206
908203 238522
933327 945872
895673 253803
949908 710158
836725 679680
512925 237775
781784 255377
831647 537638
675203 293353
684289 632130
856768 110234
216223 834325
400377 774744
108019 297876
135743 466870
735865 635136
257341 793147
114191 397217
879654 179495
449692 412296
623102 368275
272383 852554
861967 485032
218386 522677
389437 746648
676950 243501
995286 126289
420031 294116
758511 581252
886385 185145
172200 703466
1000000 1000000
100934 7
268309 8
178714 1
707202 6
162135 4
509069 55
343938 17
354091 59
766031 96
620320 35
260743 71
890563 91
938330 60
79155 80
360670 16
951303 97
355135 98
982225 50
568853 55
726602 47
738323 34
350695 14
216625 23
196371 93
309669 79
585425 6
304517 27
458345 84
290636 68
216796 45
399829 44
258465 34
335810 64
630358 23
353120 82
581895 31
781138 90
365718 35
933928 33
33701 46
365802 7
635509 87
309489 33
127247 32
182103 94
42004 38
209693 41
265465 60
232598 87
560664 47
526636 34
381812 85
902270 31
364771 26
725173 40
514618 19
618538 67
644141 90
966621 84
296578 85
450024 68
448952 21
929828 86
798009 59
283887 43
19032 11
655594 58
260650 92
729935 31
725435 58
887999 12
703740 79
68940 68
841436 44
736753 54
237394 64
508233 78
955546 18
361177 68
135327 55
524501 53
949764 11
887829 36
53599 26
521653 21
523055 5
88405 47
749698 20
83908 68
946404 55
48171 5
663169 35
104903 71
986906 29