873 801
485 326
202 267
667 581
787 344
986 378
496 925
204 190
821 960
489 954
527 471
143 923
777 752
359 670
352 682
580 976
271 223
567 622
719 600
867 754
991 684
512 541
20 111
984 931
465 612
324 827
370 181
173 55
394 458
591 167
192 37
953 233
720 890
227 910
494 56
184 891
812 172
190 304
644 31
496 678
949 523
799 239
187 146
865 683
641 1000
929 730
661 335
520 427
859 249
564 608
490 934
451 548
534 707
847 922
782 785
318 930
11 827
150 865
876 800
314 676
435 645
819 966
125 185
573 172
304 807
877 815
212 325
20 470
823 838
663 487
691 792
792 239
169 539
787 209
970 267
18 194
189 17
864 576
723 824
837 239
745 262
408 888
353 197
407 61
900 383
498 581
527 197
415 340
375 494
534 453
402 83
856 336
646 12
960 166
340 710
821 167
692 939
323 55
107 704
608 127
328 872
931 704
115 754
801 992
246 717
695 39
739 353
82 848
69 979
175 945
787 799
788 680
859 846
950 176
638 584
101 247
931 946
513 895
840 332
13 942
467 590
825 44
943 815
727 147
206 387
291 785
118 16
377 468
791 458
363 861
551 955
747 363
31 478
652 641
595 260
440 195
386 727
186 415
386 957
928 776
446 550
124 182
149 380
662 235
498 478
984 917
408 575
802 315
914 915
530 503
703 493
402 209
285 459
165 999
135 478
259 25
861 655
240 537
321 800
618 198
514 665
175 690
538 914
472 574
87 515
623 518
624 768
354 40
119 267
209 604
737 122
101 3
318 176
24 796
283 506
804 725
164 460
527 923
591 111
537 771
89 521
504 277
617 793
275 526
542 366
261 424
742 98
842 321
970 196
455 614
75 299
533 964
984 997
291 381
431 4
29 496
27 148
959 436
80 4
216 748
249 366
608 319
164 602
132 565
299 917
464 111
986 56
44 618
483 300
537 437
778 385
635 935
19 882
562 853
842 200
435 636
118 512
648 166
325 319
486 141
641 956
417 715
10 916
764 953
870 604
352 316
278 629
861 52
213 508
458 715
1000 61
396 549
238 669
833 617
78 497
478 413
637 930
886 652
94 450
904 632
641 783
769 129
506 816
309 982
179 868
182 570
85 385
293 167
32 100
159 49
477 922
477 230
443 459
156 428
250 882
906 413
956 730
49 202
917 449
917 983
221 576
225 383
92 681
880 496
530 732
649 746
13 400
742 496
956 784
564 930
807 478
400 130
368 471
371 458
639 435
793 659
364 481
741 337
223 28
699 867
132 585
913 481
214 469
427 1
307 421
765 947
325 10
322 841
49 142
419 519
798 949
111 995
608 991
208 269
907 505
877 458
118 383
161 479
744 489
56 658
761 938
680 806
95 884
225 37
979 726
848 507
787 980
286 686
708 79
40 996
646 189
603 172
519 495
378 131
625 23
978 647
624 659
58 499
49 133
309 131
437 106
767 332
429 260
641 49
666 453
239 580
720 835
4 581
891 533
74 915
803 780
131 110
841 828
428 15
997 527
96 271
806 573
972 151
202 463
350 825
679 366
781 458
868 752
846 638
480 890
496 176
671 998
693 743
867 201
628 96
420 395
226 407
751 37
416 406
978 525
676 855
985 717
538 310
114 615
461 696
571 178
411 737
704 261
704 433
599 115
291 867
305 48
552 794
176 888
217 132
910 903
321 386
443 577
528 794
145 784
702 267
299 840
930 90
12 147
848 233
282 841
968 282
443 974
214 279
807 482
496 917
175 843
376 416
688 755
606 507
701 47
87 872
592 387
847 53
567 936
461 82
956 806
841 63
623 228
589 171
756 276
658 459
700 595
758 478
819 61
345 67
774 262
136 197
971 87
904 382
910 12
406 578
346 89
832 499
137 246
99 960
500 905
581 685
195 777
773 549
745 670
226 225
278 258
835 311
99 169
86 721
482 188
997 512
824 436
467 151
460 579
667 721
782 394
277 417
861 841
488 767
399 188
630 121
525 818
339 936
13 247
94 957
97 989
145 885
527 76
111 754
464 118
305 536
422 776
504 651
883 192
517 881
312 592
546 452
170 910
779 345
240 888
629 684
48 827
793 105
738 745
348 96
862 288
176 805
379 154
866 506
234 541
118 898
723 820
560 478
117 253
223 634
990 78
485 593
907 735
822 146
12 429
340 198
824 563
154 186
302 859
350 900
774 456
381 168
327 531
262 787
700 308
152 405
38 329
852 353
174 760
348 817
234 351
594 504
697 558
175 852
223 116
384 64
682 755
615 305
305 203
790 249
460 487
414 829
974 673
48 733
589 538
649 392
239 841
961 569
882 12
572 725
712 950
961 438
253 534
725 157
97 391
23 700
113 861
891 789
652 477
349 630
796 566
744 691
473 463
444 355
415 975
262 689
745 313
265 94
74 733
282 756
598 353
240 793
861 951
580 760
635 276
850 818
593 339
285 477
180 45
272 498
457 722
632 548
839 430
395 440
501 208
107 37
6 810
433 223
141 19
498 794
373 874
160 113
50 606
90 294
427 148
938 345
861 626
811 195
803 403
130 889
444 999
732 913
95 561
417 145
794 843
236 876
632 677
780 319
314 952
154 478
12 132
504 220
922 773
760 708
841 235
186 182
989 855
138 379
515 451
242 143
813 424
864 539
681 142
20 538
23 397
801 874
450 661
824 294
380 735
654 668
114 62
294 888
404 121
789 79
181 354
397 888
732 939
827 258
242 938
786 288
77 840
343 287
579 630
914 373
438 575
976 334
923 73
417 475
680 139
771 709
895 404
273 134
505 992
5 636
38 97
925 854
147 685
166 803
234 884
893 218
892 311
555 643
252 866
284 892
279 661
217 946
271 857
653 564
93 513
558 40
331 286
423 521
361 861
958 445
765 985
752 573
861 244
597 734
430 841
584 92
28 210
713 436
36 428
899 874
665 717
47 40
550 336
815 273
315 706
505 595
514 685
783 962
728 682
268 429
832 814
960 554
372 859
722 23
885 429
266 133
431 716
814 381
256 57
926 801
449 703
725 762
100 691
817 663
815 616
352 418
565 198
877 642
50 65
508 653
274 540
532 521
966 720
304 787
450 745
381 878
557 921
690 67
64 577
740 734
469 152
912 907
755 508
595 596
378 110
676 482
745 923
255 504
110 213
535 527
814 406
269 334
689 708
49 298
208 769
573 235
666 905
414 591
199 12
175 764
334 289
400 321
84 790
676 472
738 364
887 24
757 919
118 830
451 387
798 924
437 259
963 366
198 25
248 277
329 970
615 977
573 923
682 105
684 298
62 248
809 544
253 601
653 662
256 684
429 925
513 325
888 647
338 937
726 268
41 602
587 160
783 787
340 540
503 653
357 684
731 403
32 373
355 256
521 868
844 978
790 352
414 293
300 340
558 984
657 251
485 501
312 397
71 169
558 630
253 936
98 322
753 755
693 360
430 204
568 761
144 57
990 932
447 709
576 310
501 411
686 800
214 426
678 570
123 797
778 141
91 949
246 262
159 925
817 916
974 496
976 49
761 75
824 277
982 12
545 297
456 65
968 699
716 872
504 240
113 667
639 467
319 578
833 292
824 807
593 121
618 302
855 894
248 944
383 964
370 523
343 256
255 166
245 935
524 728
484 107
69 234
947 6
358 244
577 762
750 540
390 641
950 218
843 61
258 543
235 332
691 993
879 591
786 782
268 650
41 948
405 522
133 274
281 993
820 557
745 403
673 202
312 429
657 373
853 675
268 335
124 697
529 961
805 114
923 653
882 920
167 854
741 391
896 313
490 268
107 290
709 592
98 742
723 215
814 873
497 585
410 59
726 274
928 941
98 900
372 472
228 501
979 270
430 312
355 553
402 137
421 54
147 894
24 390
189 401
690 323
495 563
431 258
6 564
518 35
825 775
325 358
76 464
586 538
684 991
495 652
438 119
829 450
728 405
894 189
542 573
902 438
591 786
636 788
805 850
732 87
453 506
517 568
599 671
630 535
10 451
456 171
229 585
692 66
515 571
687 844
887 126
802 83
432 883
724 398
146 358
4 246
182 445
734 205
899 997
472 379
522 461
770 459
998 118
411 887
464 501
356 425
289 821
953 910
451 915
690 292
208 266
41 925
478 361
222 936
442 831
338 263
773 364
72 607
661 855
931 150
53 608
330 8
39 920
642 803
259 511
402 298
723 314
914 561
248 333
554 240
246 975
115 863
541 236
324 984
532 412
376 981
549 586
925 899
164 169
668 196
878 56
571 534
558 248
198 992
515 557
351 761
19 181
302 575
899 525
854 153
583 639
605 670
564 878
530 38
841 38
581 995
814 693
603 611
828 440
895 546
381 142
987 625
751 665
235 230
485 311
610 428
669 586
557 972
751 407
420 353
729 768
42 282
754 621
375 195
49 728
337 214
604 876
804 255
350 770
454 960
574 685
177 410
756 614
114 118
264 599
339 93
327 401
705 813
22 73
533 19
878 553
987 358
703 623
266 261
711 378
920 634
525 340
336 394
519 347
93 514
598 821
263 994
190 408
451 635
