100 90000
90000 100
8000 8000
8400 8400
8800 9200
6600 8400
12497 695023
371329 843436
64534 84363
201301 933277
784637 335098
81721 155229
303022 811860
863085 840193
997702 697828
834484 62993
459443 978464
323657 402125
640004 311428
191110 778967
499932 691179
174919 211656
345394 420643
510113 81731
253462 110747
985614 951175
238355 843316
282252 358098
233952 618192
717980 119621
251095 936245
814911 400279
129277 562489
615390 578306
787719 918935
744637 89610
427882 795679
572634 524688
843221 488044
438017 649981
754444 658569
168637 557209
912804 773725
579060 355805
980990 672244
301317 171165
510296 765631
368848 140579
820849 134238
364635 480456
175157 982979
644715 672117
246077 327760
404739 82649
972918 572439
223592 206553
619071 784047
178397 382784
360302 872979
153216 813041
929089 942450
869885 695646
6070 352366
569365 48350
138240 670621
504862 112225
734340 158656
661113 141853
417598 508578
815361 37753
710877 93781
833706 874950
847059 788067
425837 317199
407826 855887
88714 488167
681816 520718
860068 563122
718927 705392
463565 263570
412335 428231
580831 243077
335828 21867
842102 474913
364264 777069
213590 620791
198506 69434
167896 659675
449867 286196
518091 531051
29143 965432
320684 19014
361755 928497
102637 858542
561019 294914
323228 993152
241157 473436
487140 959005
878444 94438
265358 106829
260767 735640
859278 736179
840290 716403
284408 202017
796530 379200
110627 658830
233738 14165
525700 42313
75377 895026
38601 274551
375488 360893
478993 158945
716519 674814
195699 920590
770806 60813
564378 541027
901239 404874
45238 713968
207426 377154
709651 828483
171279 74772
877412 508504
222290 910048
580647 20469
949099 993113
651346 719760
337062 604702
421851 888553
249796 106235
601817 491198
68732 364837
209787 862338
366967 242950
264907 341678
412328 332608
996871 337434
526744 886808
71114 354092
180341 16454
112225 15775
929860 917489
438309 954285
465089 555788
106702 63516
780639 70551
412513 730117
485168 393805
337735 678061
136707 64299
958453 100980
879344 655062
148910 57664
722762 496692
615910 405552
507431 790880
945518 752609
436436 402625
493653 935233
321053 154662
809736 162816
811766 277460
948874 351753
946883 953246
520863 620105
329437 804573
522817 740247
211960 124114
211625 854543
721848 42955
731672 394537
420958 224411
592432 693664
270117 25310
646656 188935
968100 683208
890688 518570
820300 893136
100975 426998
881573 682536
11434 959432
790412 664536
765296 559628
949503 283053
907684 853354
888121 202182
410804 827342
633771 694704
703023 944571
741318 510123
248368 562869
771168 17161
402510 525690
972816 724635
298600 185255
296554 133117
164583 825784
212010 639621
381262 967279
362424 90926
602706 353244
18977 895098
429124 228342
713759 437502
752555 829555
643769 286474
990538 908101
360094 779887
159055 450812
42377 573566
536044 443477
670033 710142
840070 634000
296765 854233
182781 394178
454547 466071
752135 37279
563225 702532
792834 729017
134468 851382
678045 674846
151990 5635
550050 55625
921846 642566
292900 794883
19461 179679
551243 974415
711998 701679
633500 107437
502261 815193
488622 398556
786172 815063
690236 349055
881969 262288
432422 197046
827093 345613
141972 929741
371964 657194
92146 885167
699448 487631
295819 759785
263161 329138
621932 281729
769588 238344
931568 575695
759444 433834
705753 16962
235166 432982
138423 379861
734779 807672
447130 644914
422033 752644
405215 910087
491426 486015
224061 403541
583016 489247
922424 245330
215675 644267
428526 984935
602485 741036
998136 854706
31110 169897
900581 931652
776071 433038
130147 779529
927503 102144
124129 360004
843413 997521
54305 750757
878953 960785
556558 287454
963908 627636
503505 398301
400849 348713
146031 797016
93455 636230
322477 733073
934453 866252
71096 209693
881460 915233
506281 168360
875744 112521
888029 194947
657304 331480
197425 30210
164594 605757
568562 63594
972338 698096
450587 780879
500169 362817
821775 303571
46256 170798
744729 810001
75412 712206
697291 11399
109759 595706
745537 919205
860609 760015
107416 955623
131350 946844
901296 456872
638703 697635
91903 544108
230377 241426
597487 74986
478447 815776
129778 773270
480862 324966
147911 125522
42461 226991
153108 19812
450950 668513
2041 40795
750229 354360
998339 940668
961338 16895
997447 240439
625940 556788
941983 606268
172460 619941
721071 456341
620941 468572
274220 178682
930391 810892
502205 954859
79168 555566
956702 125896
243523 412689
596488 525426
470486 505493
438090 81302
634270 956829
84926 47574
936668 986383
889216 736153
827785 137789
863533 146698
439231 474769
818706 284518
546206 208222
659071 591744
970513 308171
737847 234488
363114 574878
272707 843384
592489 566666
76765 433079
644435 57729
134036 481418
604363 356169
662746 648960
292154 786076
768570 709095
349205 403087
310017 683002
772596 740707
741112 360104
186472 8423
18057 504529
766377 274116
737744 266122
274230 125539
974895 663637
532073 335945
397179 895672
136347 192116
935387 750629
971200 691360
841147 638199
590343 359363
801709 566680
372935 801005
511560 891407
44074 228574
768169 509695
92418 873832
838247 31228
549508 721837
249339 617798
650392 312457
324394 441177
563622 903250
874219 208465
386570 67438
497836 499385
28493 192702
854607 519099
43041 323779
312276 928786
315391 145543
62213 45103
753995 890853
564485 411800
772599 675334
983147 754298
686189 927435
731071 991867
591589 945730
52370 964031
646498 165091
521970 596934
581809 258275
97927 871364
664948 9217
865602 684570
788160 920517
416865 896696
124536 508987
776153 624251
431948 97734
619263 477247
622074 670204
739634 76323
821175 442776
636836 322456
941020 651973
171227 727493
286489 342523
158032 107076
756328 171506
696572 933857
183437 992834
693064 780135
518143 273638
20177 995417
40798 862969
346282 226555
458657 548750
99913 709647
412892 430929
126537 281507
604411 457028
984818 707226
395101 422854
892841 883088
88054 994340
643099 750081
425016 60395
76268 187408
145575 789290
407222 698193
6784 51609
259040 22005
566987 534822
274878 783316
84169 1730
700182 240227
915059 674339
365095 991065
736993 994580
39355 645706
694765 577478
701785 775850
598763 996260
79593 675488
647338 751821
725115 393310
518681 681924
278097 801882
723973 398170
581320 215565
482116 881485
281652 480676
646209 486111
171693 571035
624253 957528
973283 471346
555791 379308
21148 457319
240914 488365
720522 125591
788218 737801
337886 525755
60334 479187
883964 379487
862393 4919
933612 979813
392146 792419
795967 800977
285476 823677
787020 425120
524261 131476
517400 902177
333344 844612
126980 343451
7248 251200
90472 661482
296263 342195
646294 268707
833454 538130
177586 646670
57440 889747
897195 225913
834355 218483
589133 764036
329941 622891
501234 929167
560134 86834
496038 779156
513413 441630
47995 147163
325347 316796
302747 176295
329642 628547
141067 52252
103733 113066
817427 680575
551065 826878
429728 336505
173742 921676
362736 665674
688237 310172
889261 162482
376559 637383
296134 626079
174310 749906
200420 628850
49978 576955
56371 799897
992793 329496
981058 818786
217836 940424
889168 765619
725060 861865
490586 376286
742055 489978
257257 471663
458219 277981
598138 818002
780107 647109
477696 574142
832073 892998
462111 15350
875818 93047
51646 69114
560443 716449
84775 951751
434273 744571
83311 677759
621934 545809
957750 521544
83699 858399
640568 198383
530008 889562
463409 106640
338747 964223
548442 41894
461417 494908
124467 940071
447000 798704
903091 743953
148344 148998
646721 972053
389061 451745
989758 575550
320679 912583
949814 43283
987564 512292
503328 218115
455669 222938
997670 27055
969908 573559
919008 150540
364619 415175
211730 754575
405952 214830
745470 307252
417295 401691
390665 401033
434057 628587
455980 700371
280171 808480
613376 118528
338374 746451
73658 923037
95350 779566
573215 721882
332240 316628
642327 873247
689387 229681
305240 917415
963542 831694
698563 61904
614078 943581
598745 197957
517945 30369
445114 326251
110182 863156
707279 489570
625981 195248
379680 280138
330875 240391
156647 110928
426352 147427
906171 470052
260362 33675
943237 44272
573895 51730
350541 799756
188740 162667
338105 870889
368229 928743
998922 289596
736737 255827
511307 560402
703450 501411
110163 789165
18077 726486
192479 43690
553594 347742
245232 559031
87574 624527
687670 999687
276259 299968
857287 635516
468393 291598
425810 963289
953221 498787
869219 629581
892177 996120
865747 854887
118312 868486
218306 536654
157880 301143
209771 781132
31848 584959
9219 888443
678674 919277
316699 917024
651907 790061
556862 158484
412272 689638
998926 44991
425137 581443
962966 536826
731583 721664
207064 812340
260585 756248
130035 734018
400397 379350
432486 977696
190497 345296
88928 719983
578542 86730
450084 588629
248396 930263
661810 889913
899448 689566
870873 857054
317173 283402
994984 337874
746683 231713
915616 143364
624756 148378
564326 75882
895379 698613
383814 907533
219374 736315
701742 162573
350337 848536
733973 769923
54039 665040
175980 792771
71380 923340
505199 209921
165040 427550
917509 43678
159762 98448
614383 237718
166349 280811
230731 834123
73841 272542
624713 418405
41087 228329
447190 498077
883072 966367
527697 755264
978458 295400
643242 381314
178630 213919
909590 463100
533838 173107
504587 534500
99898 159305
371260 898916
714236 154597
258355 234129
746913 456820
562040 996674
101809 289532
703461 756756
230251 449435
181540 754766
583648 456838
852119 675949
678018 72883
595363 612662
815676 254319
48159 841616
796743 408845
786720 868547
612840 703114
893232 590575
326226 575619
351049 427974
698959 910355
177910 459648
183441 562468
827136 54937
999710 671515
563300 336770
800976 868549
460042 455344
992899 758415
688685 566915
497590 531527
179643 709605
76887 963749
615369 552859
362327 609684
434712 236891
769072 51606
61876 620564
258421 836154
124491 883803
96523 560686
555344 767165
612064 142882
462987 385762
940405 877105
593791 387342
923022 61973
428384 638956
831575 602383
855870 754848
443378 851895
695314 216697
727397 36327
473046 337942
763936 867711
719613 631779
993681 238187
399332 479416
362723 770562
161688 854965
799918 533259
661613 949276
459020 93649
642524 746523
991652 154881
542183 686994
748602 218660
722465 667414
912334 659967
311737 714088
365452 642720
641137 482441
850122 835461
181895 794662
364992 230709
265162 151128
633294 852871
262249 757059
732562 67206
107149 803304
97330 301448
378521 964164
179345 250657
539771 82469
233194 810452
107190 35049
259237 585156
911838 560515
646842 675810
847508 248060
408559 635342
882362 444831
645689 969981
170732 449075
152134 658921
151457 879104
454897 123861
226124 56945
209391 296692
730746 534024
529676 412011
946574 340092
766224 909922
435816 323269
571959 204930
76946 463553
57555 113062
162399 34540
751716 474892
750271 510529
454193 242784
946319 446945
390622 596745
235793 419189
596764 931203
548447 805094
84775 957753
349967 87473
789142 988146
127097 222926
576473 167343
131155 250639
618183 455340
708691 364087
876521 618628
813588 453496
463066 938503
418352 588064
9056 514916
143436 251742
420726 897840
747505 594974
270800 181419
111148 105242
585908 615150
832571 251838
591743 749710
190372 628591
132745 7541
494573 499297
805831 680639
536452 576673
380712 241260
684240 989764
680492 590899
464949 377407
599319 78626
698659 563561
272442 165374
334241 478115
512393 164627
710404 502741
25854 92351
656747 153708
287766 506336
210604 830173
66519 795633
889344 979202
593174 111286
975399 990125
854445 431747
377417 683398
459776 215489
922826 637095
243705 769587
700808 47849
875957 825659
207157 704969
335243 952543
330187 892570
60292 913399
788507 472651
50945 682216
442578 198445
64043 77779
887632 207844
896313 592953
561730 820169
429783 116039
335848 596141
527021 575191
208562 717587
855560 550271
555562 760948
842787 784569
482329 818522
446562 449210
18891 272299
689834 781018
593010 266988
173861 437218
394648 928622
84545 35604
686703 918710
626065 664260
684035 755022
186707 791319
594520 861186
765670 90477
60335 884117
127407 655568
10679 268508
994249 566068
471586 514374
884815 345707
258983 441816
901718 231831
945938 324903
841269 882761
938050 937872
231110 17383
292209 8772
390328 890120
997852 147764
490679 650913
908968 501750
191237 867869
461431 714930
180024 90946
812308 449690
782801 430363
243841 612827
156642 973067
397403 394235
538662 587562
720034 841975
395200 947364
371216 951939
620595 585050
980897 205654
302214 184075
458520 835612
645256 455220
481351 800337
236879 716049
571452 558145
296469 323547
180125 982180
435882 991733
789437 945490
232308 51748
167054 783583
844751 505443
654352 968647
472098 997970
569247 600892
478150 32083
683429 549877
743525 163086
480507 590996
884187 813532
289493 396951
989737 788844
864353 626218
392841 194081
167491 411576
321678 420976
829642 295623
462819 411185
551948 802116
802986 168713
571038 754574
988779 460538
585230 969716
748602 721122
631559 948470
224772 925220
626983 120851
787154 971927
631243 981760
410232 12167
231078 796385
210915 565274
594781 107953
522008 335859
881970 593853
788479 955873
96897 35588
918013 848819
213648 4718
223978 982249
128804 839446
484621 387613
4097 989082
906086 754711
822187 318148
820710 184638
704617 806572
668154 707158
658894 341676
956496 379270
307022 943083
738776 901449
737768 848165
160277 90971
313656 720630
308845 76918
318953 312707
742589 749489
903317 580833
785464 665469
713009 256048
321778 780286
921884 670180
760988 72137
826917 99286
295099 760752
468217 706561
696351 331108
440616 587685
998770 397491
385652 389523
383149 241954
878470 85566
891293 880368
306015 892400
782591 330011
987147 617724
334226 354206
783733 993729
216291 453159
856445 251979
