1 10
100 200
201 210
900 1000
47029 70029
17899 13091
1098 6394
94441 59062
93392 87487
85906 70063
89245 79216
40737 95710
88604 20446
55024 29165
72844 15404
99141 56722
35101 33889
92414 68185
34179 99019
33639 54081
70336 13784
61447 7654
80225 14904
75199 57078
87786 45311
94484 76503
28075 5034
73281 63290
81816 74368
13443 23213
19883 2861
41420 75394
58975 23068
21982 74410
72416 78881
83209 48273
83319 54920
18115 67852
91281 55608
10014 95878
48313 10407
1105 11765
4905 75177
86742 72280
92911 58649
71447 47485
98360 27758
67003 66381
4387 35880
47780 17350
52091 74001
3979 74733
75492 66409
49553 64806
15642 19706
48339 41912
8511 86798
19266 18666
71449 25925
69520 82910
83813 18942
83131 38495
68783 62698
61716 26990
35453 62760
73958 23050
32916 39626
20881 47459
1426 4201
65119 8751
79591 71484
4095 66821
41125 59265
89396 10120
89876 62079
7614 51741
37606 99746
41556 79150
25480 14549
24924 37304
27222 31397
88477 85554
89601 1323
71139 44995
24210 20220
35647 44840
63397 51921
85066 83866
32811 87590
23872 46189
73145 41816
45264 49341
64497 19904
55023 57051
68183 90556
61427 59118
2882 63472
70637 6455
14688 2349
27420 90603
83904 347
32217 73946
35400 7305
47291 9352
83843 25789
77043 36134
50337 86559
70595 2961
32767 73083
48334 47790
98608 89455
98352 59855
95972 56400
23590 59446
46379 76008
45971 57439
91002 27411
89926 98457
11091 42848
74459 49056
32823 66357
40245 65467
56986 15839
26264 64208
24733 53269
89070 23254
42041 17584
27051 61498
37582 90062
31863 79871
21372 43019
39768 98731
44881 69176
96654 93082
37194 1295
82306 9647
6382 9499
61825 48002
50410 7153
45102 1725
17700 5253
38856 84924
93917 30000
69991 14515
68564 58549
43875 79274
52691 33879
76659 2955
77267 91329
6837 652
750 66542
48008 35121
93896 57376
92157 2901
50047 80836
10761 18862
89925 116
29630 22177
91401 96591
72653 96780
76741 26899
79460 84952
32518 36222
2512 74007
20684 95470
80235 52916
63196 92245
64573 68217
47184 33336
53663 56733
2782 9916
43358 96356
51567 35723
64916 95588
9974 93187
20425 37508
59108 12831
62384 4503
60026 67188
89352 36382
1916 82098
45701 16346
19450 55438
20242 36851
5221 26157
35833 70515
73283 54983
10116 60005
647 62205
46089 45227
85012 17675
80496 66170
9044 93491
77865 15381
94210 70783
8513 65350
60462 38603
89952 62938
81990 35140
2875 65536
43842 59283
15242 91773
59331 24049
61014 73344
4007 32455
23650 23963
58367 31114
68749 86428
28518 37183
55092 79444
31720 40240
28779 42130
91994 52249
71338 66008
89941 15976
29353 11811
50452 85064
573 31585
32152 57412
89429 55320
3264 77608
73489 55763
49953 23844
41660 75054
65296 60111
74745 82503
9692 65390
39529 34066
16813 48166
58610 20999
43151 16783
99968 27665
23727 3993
2635 66634
1750 37523
17777 22969
45767 7535
98163 18993
54324 6603
13187 5861
75146 8116
1516 98877
33580 5016
98883 99805
73308 52339
94692 91278
61276 44228
77822 45964
98331 8945
29382 66262
7238 23841
8166 59090
40558 36330
53155 54722
62260 26641
96670 98625
9048 63416
41627 80942
29990 84223
6843 19469
36410 79591
85449 78937
67863 71418
93214 91876
94611 54415
5932 44516
32173 12706
98031 4925
39322 32797
98152 16
7345 8828
71721 93013
25398 76343
25349 73679
24510 16798
3441 49834
61052 46578
13457 20596
99430 41517
73043 19299
93315 50755
19590 37201
44882 22194
60785 77829
42353 95939
73313 46247
37552 21772
76121 47507
27219 22079
14522 54230
44543 52574
91882 4506
50623 9773
76772 8200
39550 96357
95196 72281
35292 83414
89863 3931
63800 1986
91463 13950
29503 55445
534 22387
11822 68932
22715 63331
24365 82401
35077 96445
47137 49796
86689 59093
50429 28456
52700 34824
77930 30051
67948 71453
46201 57178
63482 55180
47799 68228
17363 35901
16142 97183
9724 3312
21651 4730
41304 33379
20727 52411
34550 60433
71821 72477
86848 81385
66146 52702
86568 65471
94496 67606
34351 25451
86220 65402
34421 4332
11521 63397
33692 45442
34118 13683
90067 43101
37667 75662
45541 16134
26444 72279
64608 7115
18434 12772
73951 86527
7279 36368
5489 32873
68475 68539
1633 67341
24749 84257
88917 44732
65710 41161
64214 41149
37709 79625
66301 33341
81214 86417
24826 34601
95108 83983
88563 37773
49957 38329
35341 17196
55620 75082
57138 58294
12476 55487
95590 16046
40121 91960
75490 51735
82543 76245
46890 61093
34583 52334
99978 86422
20934 90986
61201 230
85968 13042
13896 58601
20347 64664
12258 48778
58703 69233
73516 97327
31569 67822
39982 62774
44308 13016
99961 9762
85964 99292
44522 50517
41754 97259
15741 43842
94351 8775
71242 61841
51142 75257
49774 70256
27366 52516
72982 19541
48262 11958
59721 10698
7374 40266
60926 82438
32625 87460
45470 64344
67013 56729
80405 54510
66541 38471
52587 9505
54448 65720
72957 79549
47824 8452
89568 82408
90417 30214
10978 85811
83688 2129
7720 60067
7137 6498
16292 70089
58441 65086
17502 99179
24161 95628
98961 35681
12522 34141
40143 8024
41255 60402
77676 23694
75484 29207
18376 53294
53372 41040
68041 2152
20486 82343
35116 28825
17814 27775
50097 2336
32885 24696
13900 38178
28642 73570
51393 16838
10493 77038
99931 68021
78426 55157
6950 98763
38084 14600
45543 54262
12408 15590
82440 26536
3732 1909
48917 67898
5155 46540
71899 23774
49552 18330
19886 72519
14782 93510
6322 48664
74424 20011
71639 30427
94825 92189
34444 92316
31279 8944
62175 59331
68835 69141
62061 50523
86530 4838
34309 66549
97782 65040
61193 58410
34209 40507
28082 12694
95334 63637
85436 2390
82416 26478
64391 81784
71105 34686
52831 48912
54628 55526
23665 59734
6932 24011
82556 54435
73469 42830
68421 48174
96274 48932
96802 46090
19507 22465
83531 65565
1809 82238
24136 87472
82661 45917
33016 12545
11292 32932
65685 69038
48797 53343
57208 3471
96774 56925
10482 87532
89079 13263
59099 91107
7250 55904
11277 3920
44680 51399
53712 36412
49808 47565
57173 94268
24395 14354
79317 375
39365 15421
4380 33030
57768 38845
94323 59863
22071 71374
51449 73187
71293 22179
8671 74420
2448 89283
70288 12697
80261 14694
23562 55981
29354 92695
29302 61711
13855 79847
78341 18451
20841 4968
69981 50002
16049 92667
28371 9098
32992 94986
23266 39064
89895 72277
2720 48721
2806 76653
77017 28334
77782 69172
15496 32541
20223 45390
30919 69989
95242 52978
29649 68765
9355 59825
137 31770
60875 71373
97076 56785
24005 1879
54079 72292
89985 75895
23853 31960
87550 73462
1558 18282
44485 35324
34427 28930
32280 12970
58710 58215
56669 82342
33586 40422
18242 39793
60982 91778
69421 64191
90043 73504
36702 60033
5524 99640
60434 93006
90470 30224
28272 91640
35304 22961
43026 16548
37784 64606
70805 92166
1293 67110
61125 55033
92548 92944
17119 97335
64022 69026
21002 74752
81280 59357
87636 3650
20864 92695
27338 94197
20531 83542
48009 53213
70350 42181
16187 43393
30531 42700
26830 3988
49866 6672
2430 22134
37254 64566
53468 93690
8036 76993
84290 27829
86714 33516
21150 30516
98139 98038
72479 48666
20331 36684
5334 68912
3881 46571
36576 42791
85189 2067
92469 53591
33847 48855
86192 49201
78016 5543
99218 39987
45964 77564
29510 1073
46713 48778
87212 24366
88307 92417
76779 37206
98265 34961
3426 41790
67568 14003
81341 32298
86854 94333
1250 15132
81519 45246
35763 91760
81005 36444
22325 63354
76808 79955
65656 81757
33606 31113
44244 2247
18392 62923
88759 90192
3600 45029
24165 95832
81965 91020
31872 39333
3215 85951
93447 41638
5681 69737
23196 95785
69525 31459
83357 98039
62522 64641
2692 48505
84199 44218
86955 86881
39624 12170
17996 50572
90242 686
87203 29573
35901 79258
98509 45416
79577 85246
6413 99867
14283 86205
25206 23195
50278 26696
57075 1516
69908 32278
38763 78039
57299 79063
99174 4030
587 88467
53579 61856
5508 73674
34052 94707
90876 46877
70253 55404
58878 94471
89910 30172
46078 41185
4119 2336
64638 53483
79012 95601
37512 77632
72400 76913
16230 68444
31681 4854
45363 40992
7566 81100
3895 69482
37166 99701
10454 64981
89468 91732
26710 86856
46446 31366
31263 81545
13839 3473
64917 96668
17060 32567
67517 88505
39728 38253
36357 26536
5040 13281
36675 99975
83441 16899
85849 48144
34019 38410
14659 69048
51589 13650
81338 8656
96598 70581
77125 97167
30798 39276
15637 77921
68049 86255
42635 69657
76670 23493
37599 13440
37430 98366
4034 81866
69572 92372
61534 70041
86191 43689
59368 45355
29832 61461
28717 6207
69354 18136
78683 88615
9913 90312
19798 64034
79330 68187
68009 91737
6159 69115
41954 24738
97477 71657
16880 19514
57669 33152
39603 66700
63451 66008
40709 42402
24898 25761
2517 77973
17438 7398
54336 59817
65549 55526
70148 221
95356 68681
38097 65204
50343 18387
56017 6038
82088 9555
82732 17345
86238 80374
40967 36598
52832 77061
24450 7340
39681 41676
9137 51596
57645 19644
6505 35739
77468 27740
25452 68421
29266 22965
28577 39256
67789 78102
78497 92530
19281 680
70325 31533
9039 28662
37564 65962
92722 98385
399 47394
78977 8099
97727 85951
36174 93927
7279 5059
21794 94129
11763 70598
59464 2285
13235 25754
15694 314
32741 73536
96015 18233
57761 75180
88546 89120
16128 74566
31939 54969
61794 16293
74185 31931
55211 98194
18957 61937
9059 87847
26962 61720
48689 37040
51205 30027
5862 48149
37092 89080
24250 82058
11028 17360
5652 48490
14398 77318
66960 86537
13818 53868
9701 25692
33022 97318
26298 15811
6992 7867
80203 28234
54683 7874
667 59660
3172 22821
27146 15407
73058 32194
23201 9332
52664 57514
55262 93944
46864 26279
97697 26153
85290 87819
82406 81599
14226 59888
58509 53674
76677 53272
65668 12096
5896 55777
53228 50300
19065 56661
96570 20934
99916 57929
71964 44374
1707 49822
51655 76478
85292 24473
72081 38643
30964 63851
9812 45801
27260 65992
72195 16085
45142 66938
72659 9722
51724 74924
14266 24030
4174 58016
49306 66504
91449 16772
17622 38539
59213 29442
91836 88656
61573 78798
73730 35991
32211 56901
92833 22289
57025 96939
55554 23835
60575 99740
81270 43495
89436 6616
40314 7446
86970 19942
78105 11185
6103 88165
69494 95062
99341 52932
97898 80848
58591 2574
94906 67733
51245 88422
7784 68686
13564 38238
84652 66245
17565 44507
80129 80566
23401 14439
87806 71974
65682 43197
199 45259
99193 12243
81651 83618
47186 20610
15167 16406
53687 28527
50285 16761
40204 30006
35782 32671
6769 73833
68444 78227
97422 20888
27043 50531
71044 59757
89351 92172
79878 2355
49190 89156
60114 46569
60434 79865
81611 23918
35344 51837
87112 46781
15725 20120
75235 31985
17139 13404
46088 5344
18791 42326
33518 85210
34646 88104
93805 2199
55002 29025
7051 36915
91944 17375
74545 47878
96979 29999
63079 17788
44652 41981
55485 67844
92039 14815
15572 77057
30753 47952
65233 96302
45481 15777
1615 65348
81035 795
53095 25150
98523 38253
84199 67421
70490 7410
11657 78809
24732 40306
86484 18000
96979 70188
30248 10598
93762 8603
87621 58888
98504 22719
71886 41390
76249 82553
35198 20580
45424 61585
91256 86235
88662 3607
54406 36569
68913 13676
36320 39648
1970 91708
58985 23549
12022 3490
1127 15283
62922 75804
94041 85733
14654 9865
22406 60683
1794 30414
65808 26460
68782 26604
37510 92810
25419 95171
38427 75324
5244 66437
46310 25065
19322 79318
2836 64010
98434 72780
44588 81492
7807 78093
47827 9045
232 28735
21538 18879
45803 52962
88370 84671
39481 77801
38928 2448
41313 52662
31267 94031
48361 95729
34516 5850
32285 76989
83219 71894
1967 77987
17289 31154
66737 10304
31389 77091
82435 32289
47117 69545
59965 76690
51531 57896
3939 90628
16375 48432
27657 93733
23763 98533
59881 80286
76146 35655
18746 26866
61076 80021
78616 18251
74545 96523
96833 71233
80639 13564
99023 18518
99777 24353
43995 13031
72987 29680
2264 26709
45477 90237
85822 47272
49169 31276
61053 21468
40937 82731
61503 53934
70942 43874
92765 47100
13780 33171
87787 59437
94068 21196
27709 66881
77657 47316
90652 35411
79817 89289
28900 51517
62569 89023
3512 11703
54737 37429
24653 42184
30360 86663
55781 5571
23775 88971
40329 52623
42983 57968
628 94031
66832 10371
40557 99721
76111 74027
55758 81300
73818 41578
18272 77053
95661 8122
56029 38288
98295 55997
91882 10821
39824 40113
41753 16100
34789 83219
96901 62650
74170 12078
31498 60497
49830 52739
83375 68697
12410 55902
53217 79259
21829 41853
55428 29521
20387 38525
32542 39424
69836 35930
14256 90167
45889 95557
62060 96338
76286 34286
90898 74926
41836 48943
415 81478
33792 59832
80112 66208
75451 29410
75037 997
71073 55731
11686 41998
40970 49373
87361 21950
38094 77241
20501 11337
18470 97020
44332 48145
55489 11958
1699 12284
46416 47272
65047 12580
58353 86671
62249 61818
469 10318
36348 38417
89481 44010
5276 72119
96169 63441
16205 45443
22130 97115
8453 72700
58044 36820
8703 3979
17372 95507
82796 2825
22738 49030
59478 63175
46142 60384
23194 63681
68735 12927
45421 5666
31029 72525
86988 44744
90247 57630
57468 5519
87910 21026
61944 63804
57856 37300
334 91443
72495 46051
9939 85092
33485 22427
57983 42201
61863 33819
97681 4972
32271 94311
98687 66192
26067 47017
50813 19642
48919 88455
18494 42137
69893 98848
92705 14303
91129 57572
46935 22838
49832 3916
54272 38244
87647 49904
63790 28962
96371 64155
66158 55305
63551 23552
759 84788
96653 72992
69591 84160
316 42531
26841 72895
17606 45969
7252 67882