84402 161733
226719 350779
443596 981049
58924 161152
548255 986986
666872 930337
383812 577385
36369 345596
151572 777828
62479 342957
465957 536931
72181 558721
306029 478330
678977 994618
542436 875943
276378 438622
707309 922591
665211 885234
227803 603885
203552 923492
642826 971860
604342 940594
170912 266928
116273 503687
179071 417542
592472 949693
84403 106198
274578 529480
348627 701792
799491 974040
528321 765211
605174 775757
496841 846795
97819 772915
781549 894552
205044 841565
136925 157791
846876 876035
434940 801526
824643 914963
894856 955695
299816 404359
254546 431632
257053 599795
128213 620860
374817 442969
407224 993869
140307 919732
346916 514422
146860 883869
336362 562705
212726 727420
306055 984415
130101 771218
228041 616741
313037 535538
269840 415776
193344 682941
408333 592931
298319 723615
382571 993057
298048 664668
568490 994844
284200 975507
743170 937537
28809 397906
32538 88642
707203 708112
1440 754447
452066 739194
295390 591843
223938 466809
861330 913612
48851 460056
281637 660514
357407 529817
154472 638327
72416 199813
172994 651580
389719 919541
569726 747678
139019 516915
90956 978888
147317 162876
653452 729276
100923 705098
307819 769255
719051 990992
759704 829164
122463 669325
77740 625456
589983 885391
304489 613896
159835 461356
248533 385748
550746 869751
541772 957436
19384 273319
288361 340991
221580 686603
366623 393090
39597 317696
352559 926316
884620 921879
40918 873870
294210 555192
117791 610706
258048 722257
276607 429306
124679 972596
355570 742007
155143 588291
248127 303245
36208 376632
91155 849013
12645 573734
191759 365830
555698 800874
68760 566494
694196 769603
390804 536166
512036 591377
167124 958362
429107 847396
134511 196810
465531 559024
218087 460521
13535 158985
569134 652130
252918 782512
85555 495418
522552 741632
857742 898647
443440 743960
342223 622777
278633 942450
432873 991857
671323 738183
773461 872241
776143 884861
198629 267863
66910 293144
319330 410558
271022 313787
94325 636990
349462 431502
335353 402033
593453 805100
146241 683106
100496 427250
62086 347049
195615 980091
289703 583747
197338 915627
25106 672016
201023 876847
423699 720406
604148 744700
243293 430820
221806 744168
5632 358898
799857 811179
221095 235711
253246 899906
646391 834991
682398 709170
246207 360445
336245 510884
422273 429489
40873 129368
15772 907904
10697 791751
452870 594726
384392 835125
299539 687901
288607 841899
323463 904798
255880 480327
954494 979426
513247 793960
719035 782863
224173 378891
124626 400887
470726 750608
112780 887278
29487 489511
487380 491458
424644 551867
901911 972580
174930 583591
212089 593203
653934 947457
129214 546404
148575 657471
353834 939173
504821 722588
96825 352509
102013 366986
817086 881729
607246 621544
550970 807175
106360 996419
80448 356416
467819 897036
258239 628741
528557 801584
99320 193711
240739 349374
42122 417110
222168 799347
2224 985872
155750 426652
169256 903174
517009 704846
657390 737839
5533 137895
317706 431550
413348 641002
274039 971186
591415 760333
247131 361593
547189 932292
146803 696347
206743 918690
161914 376886
227417 725166
680876 959429
156926 921448
296352 411164
505150 864210
408727 870125
178128 481873
102395 525271
8915 880011
89289 562527
250499 262945
395368 711395
462271 632286
107792 872366
365353 763988
181620 350000
95406 960580
194833 488918
190422 892072
513945 920628
32687 988812
380230 902843
590056 872710
274241 673017
87078 427674
826885 892232
501106 540515
805738 838981
854906 900003
721270 867456
391249 601958
182065 542412
289363 419481
196263 637590
68830 600674
330126 867024
280966 702966
264495 767771
238031 580702
61092 920567
608453 625197
757544 797672
259886 697748
431797 858234
48386 317482
296087 608075
347557 452987
927436 974486
135600 680260
283980 351338
299000 436134
397571 725685
174656 332984
660435 960921
837887 929208
148198 203208
631594 729330
763755 930167
19050 426456
156992 339687
134784 703666
326421 992483
13567 722118
607007 624681
3272 970839
5999 369444
97776 417614
454595 818596
144289 235557
163994 198863
182423 381368
43806 610561
266614 769114
185379 999601
23922 89156
375499 962167
48543 249311
708957 748143
505603 524018
414826 627877
21516 382179
111122 810006
99588 649949
469513 658600
744086 826366
171500 862488
485699 744789
389934 751365
633482 635385
262791 339792
709987 721989
177900 764380
189429 219265
59378 272483
466380 738635
22412 870338
351772 779836
57164 230904
367312 528957
198527 270543
367746 936909
306067 474949
209260 713059
450208 478546
662432 753862
766632 879151
237850 863246
345436 415689
251190 478487
261515 287592
134347 760113
131178 911604
160392 388080
784596 856756
656840 897911
175758 907563
476316 884575
224006 700913
514438 837403
119094 437941
166457 601418
55232 59041
350133 579308
19673 597788
84805 979090
162388 541939
280056 919154
357750 947223
97342 501226
30026 307820
120939 760075
569346 752211
572793 703536
153921 669526
827642 896152
44633 329148
550782 605205
590267 892954
674921 988981
112907 277482
628418 674751
514679 909567
54242 403485
41162 869795
92235 855221
77462 919722
305637 326656
338530 902545
448661 748628
432064 518571
744137 845072
22240 676418
758643 907887
137530 432579
77409 142747
21569 226049
582845 854575
78751 809266
264805 893923
220000 620611
279202 892751
933179 955725
581349 912722
101461 481675
11584 694719
208625 381129
180661 330080
148127 486343
335261 535468
182725 204011
445460 791546
144984 697946
615534 725902
353607 786334
388968 708636
120782 625292
250947 293549
444443 656630
51349 300612
335563 526599
126215 135184
160328 629155
20920 422784
514066 695990
761749 868064
176908 466165
300830 493398
543010 810282
439036 649698
488183 761721
383555 890406
209675 688735
135370 982636
135432 710111
881911 952860
721843 845391
221671 516345
323643 933813
814076 969255
602963 783296
71268 184217
596698 873439
107876 285088
163534 901560
210159 803522
655437 777157
583088 601604
442624 959898
239127 931591
148161 228336
197597 480465
397071 521540
358875 825825
401850 452699
788952 847167
390352 401847
33078 652505
481832 675664
142166 445652
30558 107049
112106 901676
679738 701628
295626 848620
181561 986410
465825 829248
364978 760581
190666 391690
413175 919078
610350 798923
780268 962727
826469 945075
47647 659978
414034 957987
51595 870360
935995 986921
176002 976552
266673 820776
229637 945373
89095 105866
548214 802567
209101 465768
84558 975817
68290 508461
542286 937988
587424 626707
8899 778096
68240 125632
670320 785708
170367 495036
94896 574777
106460 852877
333477 773447
325288 620963
171351 497473
149726 736158
148365 404130
488686 742913
162692 273391
249745 993246
363825 870530
172998 964083
406521 855025
42591 446592
32547 910471
323293 582870
618511 633235
111489 447450
199756 344648
136181 390584
607328 641156
425256 617790
162487 847934
338137 545312
59377 972580
123426 155676
158190 180644
599730 924502
250214 579470
282263 739076
164786 583810
70798 293607
10973 994778
462484 858131
193613 403069
575972 784070
837044 969167
528883 984068
5669 52104
182048 796016
334169 811262
605824 663414
78030 735366
66448 900384
781774 944946
500832 840178
196844 751666
335543 611590
26583 771455
425608 654148
81070 707155
204743 928296
75231 693483
485539 658537
68577 320441
187628 521974
160981 799605
962396 963723
917614 981893
55095 243998
322625 701674
322503 376768
80473 955317
367946 430894
305984 964095
120580 415857
223018 910928
686370 686784
20355 825054
612809 878679
146007 700268
350664 995061
545780 915834
10043 485662
253794 547907
456199 764728
277935 523103
69990 351476
377103 973444
98244 669284
794662 836558
419002 472869
17789 654992
733695 772042
712440 820446
497502 594852
328564 397802
136415 572264
61507 467452
142716 555866
402772 984820
24401 958386
403453 946190
77124 452901
188845 231226
650809 657555
239522 853151
383075 422857
772213 871519
138870 475051
327524 972751
288637 592490
770748 893789
485014 724411
121167 541260
507948 902133
545234 600454
37543 991295
235037 350963
710673 757016
363754 921910
5650 416244
140344 540674
15815 948967
661417 781115
314691 905448
351211 991081
57630 668525
101249 364374
326826 888801
503214 988573
43218 452809
245634 327214
465962 509026
347845 925076
206825 593380
413942 577890
153287 154950
108485 977524
773897 975375
348053 881987
225182 441307
448640 704221
100872 870040
308369 524383
130796 686398
175538 879233
429235 867338
344231 607649
39079 710162
523843 606153
30068 740983
303784 781028
126826 144330
318879 324532
128176 606770
353165 380762
552478 816132
378010 765378
341190 671477
262426 834347
605748 830534
136638 325740
433209 753561
45526 897359
666617 901343
370835 774800
414531 704590
235481 612921
661665 790699
672682 709697
360604 726797
312207 531756
572351 793126
589651 645585
332439 391432
271260 640723
64961 491678
240366 979770
800037 941536
291525 973252
279531 305156
487881 782396
395042 640481
70506 431093
314431 400047
297957 690239
508142 781723
427850 874081
537627 925847
537724 680016
435047 480913
319114 641294
439903 866946
373937 876476
531949 891777
390734 443871
335073 609835
529733 937675
14913 481448
572372 842453
54456 411877
82206 236622
239703 468525
175414 561908
57330 579576
372266 534138
144695 769320
557299 654039
24054 474125
81130 615215
783157 968146
68710 111166
114465 426704
25227 597944
8625 361216
158284 601626
423008 891392
244409 661287
54260 728481
687643 757435
400620 820152
126472 992480
107932 842540
125778 238767
214691 630257
282782 987901
379730 914578
259180 932144
744040 858301
4373 980434
181326 664296
127330 529937
308664 674088
637967 689437
185405 588735
33138 271744
410178 611167
887616 897551
896427 924585
473348 691360
779464 987841
17231 920100
523495 832040
26856 314900
281839 858073
148526 606559
580986 597287
659362 982067
115203 346513
313311 945304
494567 779431
102629 443370
122570 576148
897734 989883
533643 753275
98798 657665
533421 954688
67916 122362
417277 466132
227843 528436
289216 488196
13480 251864
615717 644648
680973 866507
139567 574425
868481 922347
751103 776093
393726 729606
265173 418177
263452 274730
225432 596379
809475 984132
193032 465209
467381 698493
147716 548015
216798 786584
862886 955219
414810 504216
220378 945504
283459 917549
77954 629453
209191 646156
265218 767306
262692 655317
200066 497831
425118 586195
135270 594538
922609 943790
825271 961718
718969 730112
349681 573172
269674 782779
199863 315806
315071 490538
780336 859814
64987 970275
324195 503541
97045 559353
223807 474392
678689 908614
275524 935246
475605 912066
234573 486789
586932 643336
165631 500330
4588 973482
284681 954932
960263 984907
74276 754388
384898 571077
116106 324128
418752 694964
118800 349869
396071 637896
844531 952036
221223 709969
430217 550310
157498 277215
513748 539634
280669 324948
135408 157868
956146 976174
14905 852820
495690 823412
91066 775082
282010 529571
9450 678142
163590 554055
47980 945636
146066 312740
266620 842732
544367 782003
126457 476079
138710 750089
477850 710897
662901 851092
319701 491644
129541 764592
186877 257350
74 590690
791071 977511
857901 950218
240064 377691
390430 734198
170291 790734
728326 830930
4129 159345
254885 279460
59356 793525
163542 993435
563180 571780
315686 660633
456102 549616
79620 565256
529441 924855
342392 767636
692005 740829
12016 140426
85647 622032
655064 901965
769800 795044
280572 982823
7013 254877
315994 692824
205467 456658
259730 799179
864455 902806
673811 894169
691362 745230
566256 763200
559762 634359
413682 605817
305480 392272
142952 693771
784998 917633
677830 934942
446217 755656
890639 935923
266507 717176
789624 896909
392072 810408
278004 924414
282596 418362
102603 124513
560502 967756
76112 185759
504899 516960
76312 255672
114058 685374
124345 494494
622065 782727
458214 978915
701180 707217
830807 949328
382014 611806
445415 979778
213180 847705
839554 843819
42864 558126
601349 804319
521266 701679
772506 835454
396131 869752
114820 579491
321640 672610
83484 422919
58766 255338
586638 597166
345466 766510
46716 145645
301043 592614
430311 574423
99045 557770
35804 377732
98175 420192
233184 915210
873846 892849
493442 683525
726898 744919
211518 991123
279527 485122
267147 894976
831416 891578
469351 691214
99015 469991
39022 69302
199956 367600
358938 684959
536792 895259
162411 797520
457974 853026
734488 890595
97352 956161
403426 467803
374106 829625
271976 898863
172777 186335
357287 643518
228208 509800
697114 698493
938011 970860
34822 619719
262683 508527
445997 617792
287117 423831
362238 675605
776518 793500
604232 810751
42313 558333
397246 437877
551411 634634
86792 252429
28764 442128
56499 505770
758687 947848
512247 515835
187125 928393
287126 649496
80978 962533
305937 977190
498036 842961
124378 212605
76777 158466
450587 673190
51801 245500
101577 718139
16705 60483
199223 331678
130648 526787
58366 110821
156278 767671
608235 715599
433358 736957
89123 587369
526083 650889
722598 750675
705396 765120
50600 652903
280624 814894
430838 912547
185278 292568
485574 585374
223060 380975
417616 447355
278664 899971
108349 465478
7243 187921
242489 324418
651451 759321
200142 637991
344034 722320
372911 544487
583682 960359
481951 871245
705154 858396
443045 755055
1800 743204
28162 527516
166386 382034
219284 256749
37753 711197
46929 93237
340882 675955
185593 863830
17016 387535
547342 720491
314417 657384
538322 644117
243152 401033
116356 371502
493249 815510
272863 842474
118104 562157
70727 155739
508891 955456
414133 652008
63375 840503
362533 366943
545837 988664
34408 242350
144692 739095
334127 415476
497420 791901
235748 844940
873 103599
551566 836175
43651 917689
13830 271000
250746 386792
209355 300388
250114 567268
306263 438911
746556 955339
198323 249229
661053 909066
