7829 241
720 1988
7743 1819
3052 4518
8156 6211
4067 812
6820 9736
4014 5403
4757 5623
2748 6369
4836 9508
9618 5366
1884 5794
4183 3085
8578 7776
3637 1893
480 1918
7187 2168
89 8659
5024 1551
6952 3856
6759 8167
9039 4303
8829 6027
6214 6933
5045 308
3712 6298
5078 1174
3981 5295
7989 2985
5640 9023
3316 4968
3783 9743
2465 1110
9935 8709
8740 9002
6052 5893
108 8267
6351 5069
6210 3517
8318 2700
5495 1297
4610 1857
6257 2737
3474 5261
4524 2530
1404 753
2548 1983
3133 9801
7955 3363
4681 9931
6988 9131
1561 2092
5396 6152
7664 5134
7020 1276
350 2769
313 1935
6033 3348
7537 1492
5559 1962
3447 7435
239 6549
5519 5673
8661 7584
2422 7675
6630 1342
389 4905
6568 3971
171 6419
8001 1625
6059 1474
8982 733
9264 3352
2703 2807
5403 6192
9065 1217
6046 7052
7614 5633
441 978
6382 6763
4822 1384
8123 8533
3124 5516
2837 5295
5788 3946
3484 485
1909 5301
8698 6811
7690 9530
5885 3234
1825 9967
6098 7601
7763 8686
8016 3861
2044 2422
5412 7201
7731 1841
6974 7952
8732 2406
6023 8119
2196 7105
3086 5676
7131 1865
6291 3066
8488 9470
6368 5969
5809 8159
614 9953
8492 7185
5582 3084
7605 2811
6455 3593
6996 8061
6203 5181
10 9302
4471 5016
1132 8933
2245 8281
8855 8581
9574 4284
959 4134
6467 5122
3816 337
6739 4030
6065 2076
1161 4586
655 3264
6211 3960
7999 4510
2399 6075
4530 7264
7796 5330
8555 5180
5700 4384
2814 7780
6080 6885
7222 3042
5017 4299
8656 3811
8388 6109
3545 6264
1341 761
1124 1138
1812 3536
8975 3846
8001 9407
8620 7115
9124 670
8444 7994
4374 2348
1342 1027
9631 6584
3383 3324
5952 2525
1099 1837
483 9117
4934 3109
8465 3690
2198 3094
971 1267
6855 7427
277 319
1728 8490
3224 8952
8409 8341
5842 3627
7412 1263
2991 3272
6898 1675
4038 4780
6373 9477
7586 6553
9172 9151
4828 3166
9844 2863
4989 882
1454 1183
8804 7503
5504 8942
909 422
3159 1547
186 6251
989 6900
5454 1365
7637 5991
7639 5759
2414 5765
8547 8827
4022 5854
2102 9233
9251 5519
4196 3414
3648 5256
1767 1676
9314 5086
3605 2670
4238 7348
1436 5709
2094 358
53 8994
1573 9705
1787 8228
772 8550
1975 3420
2197 6339
3588 1213
4842 5735
3617 1032
8136 3848
7698 5959
7468 9837
3359 7737
1023 6581
4081 9172
7190 8995
2425 1377
2052 2899
5732 312
4893 9325
8144 3470
4619 1206
1408 8044
1535 433
5001 8112
8873 5727
5622 4911
4559 8579
4204 6904
9336 8708
7474 9961
4997 7835
731 4440
60 640
9952 7572
6526 6533
9844 5128
7579 312
6953 3698
3367 1982
2675 9464
9963 4255
1748 2502
6272 8878
7128 1114
1795 3884
2438 7459
6179 9062
7391 3584
1448 2618
2253 796
9142 8202
1625 2329
8087 4026
6006 8053
6063 2962
7291 3707
8915 8309
4350 9409
4244 2392
9153 9605
4371 2698
4789 7193
8219 9248
6965 1764
2749 2054
9236 9708
5347 2522
4381 8595
3135 213
8352 4413
9847 4359
6377 787
4284 6066
5507 6736
7534 9781
5754 2872
8447 282
9263 6963
8379 9717
3438 2090
2227 3163
8292 232
3166 8950
5479 5456
366 994
9610 1664
6718 6963
2985 5287
1829 6788
9151 7177
4394 9099
9396 6995
9160 1440
3327 9914
5605 3943
4557 5662
7643 7272
104 9708
3417 5948
1572 9589
1700 1867
7592 5480
6852 8824
1457 8001
7828 7067
1146 4560
7676 801
9083 5676
3733 826
1132 1239
6554 8883
7033 3463
1019 1431
5704 9466
2600 7517
8863 1339
8243 3138
2723 6463
5142 8113
1420 1697
151 9181
8467 9703
5746 9569
2719 1644
1230 1507
9985 8892
2757 3486
1211 4706
9576 919
4579 5924
4063 2323
5474 2035
2159 9676
3890 4833
375 1408
4966 2426
9059 3267
3238 331
2321 1441
7876 9389
8230 7591
2536 3401
444 1908
6691 2193
2497 2166
985 5316
5946 2447
233 4005
5877 3054
5203 1503
74 6105
44 4488
8026 2875
6632 370
2351 3815
5716 6603
7796 8617
6658 8305
1770 1052
410 6823
7868 684
6687 3902
9975 4505
255 5230
6763 1113
2994 75
7104 349
4988 435
9159 9439
6922 2881
8057 2600
5896 4469
8843 2020
1111 8741
8356 6773
4477 8733
420 185
9266 319
1931 6181
1497 3361
7665 3233
872 4795
3267 2763
5756 9913
2668 7699
3854 1294
7874 623
5866 195
9247 7609
8852 1792
7936 4583
5600 4257
5897 1789
3978 3908
7288 2480
5222 9979
2151 6715
7504 2542
8030 8062
9390 3273
6370 6342
8580 7914
8013 6180
539 3412
3378 3052
462 5476
9252 2943
7271 3496
5733 4673
5100 3152
6368 8850
3276 3316
4883 7371
8197 2201
4369 3124
1933 6119
9497 2723
8876 2177
3171 9481
5739 1449
6747 5854
9258 3310
1768 9452
1559 9491
2673 4082
8636 9209
5836 5189
5130 5006
1479 6336
7712 9505
9639 1265
8132 7255
1011 9785
9807 4005
5442 3639
7731 1578
9756 8580
9497 7411
1618 7794
526 5315
8024 6065
5208 8269
1973 3359
177 9398
4464 4727
5576 8883
526 4658
7872 834
2584 8879
320 6999
4639 8118
22 5302
2936 4963
2389 2230
7769 8599
6854 9051
8853 4273
3605 8018
6594 5098
7973 7246
7171 5513
6126 5680
9254 3581
4159 4389
5112 6741
7894 5148
6109 6504
3255 4311
5026 7968
140 7917
7909 4119
7856 7698
962 5674
1455 8235
8721 3437
1423 2029
1805 1443
2193 1306
8872 36
1531 5390
1384 8137
8437 597
1176 3546
7559 3182
3226 7843
4465 5895
9535 3037
6366 4074
5002 179
4703 6133
7603 2402
5064 7232
3965 7441
9422 6904
7879 6423
7601 7685
7104 5776
6440 8619
8555 8515
65369 11020
13047 24125
50579 73406
53637 16467
64656 63797
73661 41343
82255 81801
67654 36282
78476 94058
22681 45064
65395 98616
34603 64377
22891 36579
71313 13460
35202 89483
19021 10676
14734 17318
34250 20730
47013 42730
84759 84392
93464 39014
49574 28644
17870 70111
60394 42156
98486 91127
24162 10238
50072 18249
88275 98056
81166 64189
12935 65600
99269 77497
94739 30365
97377 80376
74141 87133
19463 10286
52892 82502
73055 85272
61922 40863
75603 53032
85379 60401
45851 31379
99167 93620
24257 57160
93667 79092
29134 47274
15769 28274
28909 11082
22024 55986
35194 26233
35213 18159
38725 81970
18150 19767
51968 87504
74420 10377
72520 85690
65747 28532
68375 34719
98196 70828
47039 16965
60155 60333
92605 26662
51949 31118
73850 58130
89587 98267
40626 24766
72477 64798
76809 21987
10833 59383
16944 97646
73676 73920
29135 71315
51711 92558
11630 24274
95636 82873
20740 53168
23002 92645
20373 45505
68283 83781
10046 48247
42133 79868
74944 15883
12178 36731
63122 92107
12997 68629
50117 72182
35247 69401
85742 10186
10824 59398
57517 81913
84121 13083
56840 99684
40271 82396
69948 24130
54731 84410
44032 17517
51647 88777
87756 90599
25131 86874
14343 98366
94825 83714
37232 45294
75263 57209
90042 44170
30349 31269
24124 47534
75437 56257
66467 36213
53462 25668
17103 28013
42171 43315
27684 50243
72472 61478
50537 31169
78642 16039
26963 80925
18775 82519
19242 21822
60276 55009
23770 95244
47749 54466
59505 43536
35319 21825
41489 35338
19740 38996
24172 46429
61609 52535
42482 78276
59874 61002
13237 39827
45949 86945
73602 29683
55351 35139
35419 93663
93215 95897
67341 11003
32017 49153
34726 90087
41825 23559
35664 67474
21195 79812
86496 99723
51752 18951
88465 88824
84376 31505
90887 85489
10100 13191
71207 30051
10138 26209
58643 49276
53971 25919
43722 16387
79285 71337
18467 58548
92880 64199
10471 37090
23750 22670
81458 28041
34903 65534
34781 80966
16681 86589
56821 37654
17262 69709
11072 95422
47671 31711
96424 54110
59183 20711
90529 87295
60384 24199
63444 97967
24071 88233
28648 82528
32577 61466
67159 66125
99050 17768
61742 94860
17759 19057
65467 48722
72764 34601
73128 39281
28945 66693
94725 76880
54916 70295
88715 36120
19817 35877
19664 49254
36124 21823
70325 95283
57161 95166
44877 33054
61770 34795
79998 45666
11308 57958
49624 32153
67820 94556
83357 40987
80854 51613
93845 82750
80532 15527
54155 89100
94866 28085
45606 13189
29026 91327
64170 20381
65098 75324
38238 62327
47995 95317
69560 45416
63424 79918
10332 15085
41845 25783
19351 35551
91887 57136
60404 40995
31805 41185
45775 45408
32135 69035
41835 70736
15560 30003
19599 81304
93561 79880
21589 46803
13391 28085
68165 18556
85969 34928
98220 99864
70425 14915
21374 32639
56724 19276
69978 94932
28632 42772
11700 34383
95859 15224
28025 41987
98810 30523
98156 53406
88881 68296
42050 42988
76044 63662
39983 53661
39720 74796
97903 42892
37197 90698
94685 86659
32374 65797
62921 47279
43464 13891
65328 85330
49682 33991
27801 91912
81795 22178
33896 35152
73270 92324
54178 86765
56342 98982
81258 11617
40511 24554
82973 88925
99325 99098
37987 31743
35360 80015
77630 88348
65209 15571
17106 45942
24297 69523
52709 55742
59762 38940
42611 90130
61369 11770
39583 68811
18617 39135
70928 47963
56818 62377
92708 30967
12888 80145
91613 62425
77640 85055
74261 71910
89293 94540
42938 17101
42883 57880
10919 83407
28744 33630
97351 96742
71033 43123
70442 65023
91270 26678
14193 46962
20777 83777
50596 85807
17393 31923
38567 17366
53967 31171
24664 41573
20311 36469
97523 52860
11386 22031
45503 63487
55979 22078
50323 96356
11020 53375
26548 89998
72903 22663
32107 45783
18065 86391
92734 39540
32722 75341
64007 16892
27293 29728
75718 39151
16444 83088
41785 90423
59918 86404
92903 38389
65443 73353
69818 60770
77535 25623
14272 80365
53878 65304
15794 10989
16695 11394
12972 18655
83741 78547
92505 65277
88018 68736
65330 92384
52002 75155
75990 17237
87947 36042
11432 29610
80007 95214
35377 62302
89573 99821
53972 60573
88324 54035
95344 79899
29490 94702
75797 21993
26981 28590
14778 47052
89099 26360
26464 13205
22825 41952
23325 49948
14360 17568
14974 14295
15315 50436
13022 63536
38502 52490
21700 23351
34473 92996
19381 95532
41572 15968
59578 72091
29033 70236
18112 86774
62825 15501
57600 76200
76625 71261
36251 40424
16903 33764
75886 91512
56874 84669
64745 36274
47728 55052
59129 90161
96825 87731
59301 20685
77283 32616
46120 67108
97929 29358
24211 11553
70576 91578
14451 92476
10382 73297
64535 84626
73222 58138
87378 40636
71575 89437
72460 69002
47228 19468
62773 61418
17071 73530
66821 73303
27851 15554
20514 20286
84034 98292
96845 62376
98207 76061
51177 44670
13479 30501
25451 93966
49585 48455
93167 64414
83805 59978
12761 75983
29049 20592
75862 25858
74929 40957
11826 27669
43755 13968
21632 16002
91381 55682
90363 74519
96890 72958
56551 82007
96929 48997
52908 36205
83478 32170
18744 51884
43871 29585
13065 49123
65596 90009
49411 65256
82173 42058
70257 81017
18928 70844
34813 24878
54883 84131
46950 10172
27076 63368
33915 81342
31296 75419
44082 15444
43582 50011
92539 54015
12933 13773
20805 86895
53125 12328
17161 97206
21874 83672
67922 24756
61116 57445
31843 65107
41331 84113
93212 76008
51958 37286
74996 94256
30424 15026
40062 54430
42111 75994
32334 84520
89375 44332
64900 30679
64300 92936
24054 14816
47925 44920
28329 69618
10882 95184
11630 32975
36553 13296
72756 83306
27194 18310
90607 19441
13093 71113
48649 70446
25498 18969
32551 85880
55134 33393
55304 64209
96653 52711
38487 43807
48686 72861
55156 80325
79679 65745
41452 89550
81952 99796
18526 63526
49593 55212
15865 48044
81107 90565
75568 96133
65108 95543
64210 57171
88430 58271
12519 31263
20023 78235
69081 71601
52881 46918
50837 67214
24699 13553
75764 40162
75349 53188
30796 59506
63889 13065
58894 55528
85987 95164
33981 63335
47910 26858
69639 75385
89178 50145
73258 88931
78825 81213
43158 43744
79191 55515
21240 71797
96306 70664
99397 41635
62304 94658
19296 31463
23732 44714
