1 1
10 1
59 72
53 99
1 38
87 91
82 90
18 71
75 82
20 94
68 82
99 100
41 92
40 100
55 86
23 92
75 84
48 88
84 95
96 97
43 63
6 95
13 32
3 10
57 98
43 95
62 94
29 60
100 100
77 79
9 56
6 52
4 70
88 94
55 92
55 83
72 77
7 64
20 79
29 50
85 96
68 68
52 54
97 100
88 99
90 100
81 89
71 100
86 89
4 28
98 100
18 44
94 96
15 81
20 64
48 94
95 99
11 20
60 98
53 55
30 90
82 85
52 60
77 82
97 97
72 83
97 98
81 97
52 98
22 70
13 98
70 79
17 79
41 44
29 34
77 77
100 100
98 100
17 63
31 97
22 44
52 53
54 95
72 89
58 80
17 70
9 25
51 94
80 89
55 85
20 66
11 57
97 99
8 27
95 100
30 67
17 36
87 92
12 74
91 95
60 99
42 56
111 912
207 497
279 715
264 982
501 983
140 525
186 345
429 476
760 846
499 799
103 381
965 995
647 982
694 936
796 942
302 522
956 994
720 822
226 275
410 481
816 874
896 914
970 989
607 932
970 975
648 906
678 874
948 971
174 732
508 838
912 985
659 677
528 994
259 510
362 830
289 725
277 447
970 997
533 931
347 679
315 830
379 478
606 954
841 938
766 948
738 795
3 828
71 270
459 698
547 970
619 886
654 950
996 996
301 391
788 809
107 255
939 995
375 774
477 484
286 854
49 687
74 105
618 985
38 351
958 1000
694 733
725 890
75 854
794 976
687 712
715 791
240 565
625 868
463 769
950 1000
330 409
199 891
331 748
267 438
542 596
256 349
866 959
784 845
399 581
908 961
747 948
419 659
178 543
92 762
755 923
52 297
916 933
412 690
523 523
674 752
27 351
552 588
528 852
22 890
610 837
766 863
991 991
969 984
139 882
616 698
856 903
322 447
124 340
141 267
624 841
653 927
285 601
568 895
501 900
402 631
270 787
190 599
115 477
768 874
753 944
768 862
116 892
432 627
105 341
199 423
261 837
488 827
768 876
189 618
411 684
721 777
679 769
430 669
589 603
346 487
606 708
592 849
533 565
186 897
972 977
408 730
851 860
497 979
844 972
786 926
190 655
331 635
330 442
225 667
192 833
565 862
228 715
339 563
115 938
641 854
682 749
940 979
771 811
438 675
697 716
932 983
147 621
334 698
935 968
739 879
975 998
714 952
333 376
635 869
249 690
301 924
465 628
156 298
741 942
520 914
179 448
125 745
919 927
113 935
783 994
238 395
877 960
263 399
783 903
198 871
437 737
137 522
117 207
672 784
327 476
987 989
920 988
540 844
662 837
621 846
209 624
579 800
455 701
996 999
392 578
6831 9049
2264 6448
8785 9501
2494 4228
1412 3157
9535 9862
2035 6305
8823 9282
3966 8096
7286 8456
5601 8875
2434 9813
8476 8699
6810 8737
3525 3656
9846 9990
7857 7884
5229 9669
9120 9460
4051 5803
7538 8093
8610 9222
8669 9908
2422 3251
4824 8926
4569 5481
6326 9812
9852 9998
2126 2944
6360 8457
5465 9042
9929 9993
7077 8442
8055 9727
7688 9329
6761 9117
7244 8721
1790 8993
1596 9988
2185 4475
5205 7620
1940 5094
1333 1974
2400 7058
5749 9061
6882 8003
9281 9788
3416 3892
1810 4196
9319 9403
7315 8828
8837 9996
7465 9438
3139 7232
5979 6324
7309 8552
9574 9582
3698 6660
9318 9539
1013 4027
8917 9464
9113 9309
2431 8617
4339 7568
8545 9128
4619 7600
2146 3018
2059 6812
9269 9338
7492 7508
4922 5748
3092 7136
7816 8740
8464 8957
8964 9077
6530 8614
6779 9388
8335 8638
3347 6228
3842 10000
9663 9788
4044 4812
7906 9997
6687 9413
9090 9846
7543 9591
4182 8654
1189 4569
2683 7256
3858 8896
7086 7406
6359 9535
1581 7238
8858 9322
6531 7911
9548 9701
3711 6652
3738 6812
1533 6335
3118 9312
6858 8133
6285 8765
2742 6384
7008 7176
950 5893
522 2748
8207 8939
8770 9061
6582 9730
4112 7634
4567 4655
345 4615
5091 6093
2382 2630
9670 9862
2090 6634
6988 7570
7883 9696
3749 8512
6861 7901
1280 6283
8918 9947
820 1182
2520 3959
8144 8495
2531 3991
3149 5152
8870 9483
1920 8597
7261 7590
1801 4186
9426 9729
7326 7565
6169 7712
3719 6165
2768 9908
8477 9325
6420 6567
497 2737
6433 6612
3583 9784
879 1202
8427 9431
8770 9718
7892 9180
6571 7464
7669 9143
7077 9431
7449 9337
318 1097
6296 9988
1784 5921
8667 9522
8660 9204
8253 8893
2349 4071
7808 8396
6186 8470
1951 3009
2257 7088
9910 9928
937 5402
2523 4339
5721 6347
6366 9850
2396 2621
576 6864
6254 6314
909 5167
1962 9300
3937 7240
2811 8702
1004 4324
2850 7240
1896 6250
7655 7950
6348 8098
9966 9969
3789 7052
163 8640
7981 9309
6902 8138
6155 9553
7887 9856
3451 6448
4051 5059
3274 8096
9367 9915
4941 6317
2463 3015
2386 3128
8283 8616
7902 8883
3677 4868
2235 5439
8363 9875
3794 4311
8455 9638
8303 9600
6967 9877
5151 8812
6579 9540
1493 7007
4966 9244
2625 8437
3820 8521
6699 8313
5889 9935
54 3053
2906 6178
9021 9108
2803 9401
2160 2918
5000 8430
1568 6028
5139 6039
9073 9828
255 4511
3562 7069
8996 9298
5813 8848
2542 9462
3656 4136
4815 9068
8181 9357
4473 4670
8998 9004
2733 2880
294 1646
7045 7710
727 4635
4821 8113
3782 4825
5650 9738
3936 6722
1389 4648
3039 6788
1755 8180
6155 7901
8743 9822
9100 9717
8695 9829
5281 5878
6119 9559
349 5354
3013 6199
2477 4740
9772 9829
41 7292
1269 5780
5553 8168
3149 7345
8617 9432
384 2034
9741 9798
9406 9447
7950 8211
6732 7533
8044 9212
8445 8665
7703 7930
3594 3813
7723 7749
1212 3333
5311 9124
8255 8741
8580 8669
7196 8203
6589 8807
5775 9440
9834 9947
9463 9993
1191 7619
1029 9483
8944 9126
4065 4633
3384 4887
1417 9481
8001 8970
938 6850
1651 1730
8828 9497
3336 9423
6377 7204
955 6809
5207 5393
6752 7544
9290 9755
2552 7234
7836 9671
8260 8719
2673 7179
9874 9898
2139 4635
3078 7963
39 3379
1937 3121
339 1162
280 7225
7329 9042
42881 58759
84536 98509
56504 84644
35847 92151
82163 86499
36070 68613
70889 80453
94224 97946
77492 97881
52054 57884
83694 97857
33146 98880
37627 96359
79602 86436
79896 90764
82254 93013
63963 97216
83304 89447
15337 20848
63551 96658
31327 72169
92206 98338
45459 94653
91325 96160
32728 47414
22969 28831
15150 39001
84792 90562
76845 80515
58444 72298
13202 34444
40303 65708
35296 48412
78957 90627
75890 85823
82896 88735
43065 75577
48694 63209
66344 97856
83679 85433
75933 88640
12336 39556
40289 85281
29191 74006
95459 99538
19317 78019
72242 84566
18994 92546
94397 96604
54249 82800
94090 96875
51665 78374
39982 59545
77711 86502
27484 36179
79659 80864
28572 46167
89147 93411
47636 84075
35556 57165
62330 91962
77425 98570
44440 85169
22216 94428
54953 89501
51362 95119
57377 81355
98637 99799
56685 58673
83555 97714
80290 89127
27554 70126
19544 95353
61578 63909
31418 76133
94363 98290
47387 51376
10940 91828
81935 95767
42864 65664
37486 38999
49066 68585
45576 63269
82340 96127
36367 38364
31985 53025
38174 81293
60069 71834
74603 98926
83021 87866
17727 22618
40545 87301
32784 66289
73468 81899
32700 34256
58455 91826
25875 62889
27542 80100
52309 78352
17088 47986
88838 96716
31508 69181
43326 62952
92845 95295
70112 93062
95667 98007
4907 62334
79923 95750
77934 95211
47279 87888
1782 77825
20849 29665
65572 84074
95917 99661
13685 69711
78511 82766
30686 93235
52121 63419
76513 80594
2874 65677
55200 83999
76549 83397
71339 76470
68436 91356
43461 95256
59843 71109
10663 68284
1428 3022
10112 54193
70991 83833
18649 72505
56904 98578
6466 25675
53136 61366
605 29218
4392 85895
25396 72239
97347 99894
32334 61500
66383 95899
11950 47321
79049 93926
31189 53999
39780 60651
63404 77281
49633 79239
41903 46579
18971 71795
6748 28264
36660 50378
9262 56056
45114 78477
58853 68226
82165 83277
58254 76644
87420 98610
38093 90592
78582 96783
40543 61604
27888 68871
46067 61583
16568 23845
95446 99073
78652 99507
58105 77970
24614 89216
36846 46285
45168 91719
1367 49079
46286 79381
6227 95973
3028 5129
33434 52325
47556 88005
41731 58938
48789 81979
54673 72735
10534 16596
2119 21742
99190 99908
97589 98452
60874 84104
62010 82791
79385 86665
14074 40250
36704 47798
54122 88275
76469 88274
64137 81475
126 48278
7833 47333
51287 52968
51609 72974
61508 77465
53753 86563
82121 85325
63423 86481
50897 74889
83615 88703
87359 91502
837 901
893 985
648 892
221 747
30 567
444 658
959 962
151 371
798 861
121 277
818 903
144 777
258 365
559 752
488 518
790 809
372 390
6 481
678 916
716 790
339 831
405 638
306 741
296 525
4 907
525 577
821 923
557 627
246 325
865 918
861 876
552 844
217 734
516 786
329 434
464 472
731 735
278 852
126 318
220 390
6 491
128 615
715 997
947 960
19 493
126 230
321 523
565 837
983 990
50 426
770 808
865 886
267 777
883 920
908 965
389 557
197 855
758 871
727 822
709 800
168 683
773 997
859 945
511 755
483 512
854 865
651 859
505 668
384 646
384 818
361 630
734 822
505 933
255 937
694 969
120 840
1 104
998 1000
1000 1000
372 613
727 935
325 592
125 272
821 861
644 721
327 804
285 721
269 859
251 455
368 923
81 952
383 622
714 925
697 846
264 316
714 998
297 362
453 815
422 548
316 971
473 997
71 83
995 995
719 956
229 573
990 992
94 153
696 914
365 551
423 437
183 597
909 980
634 820
57 977
20 55
946 975
895 933
304 405
111 964
775 909
48 233
554 650
88 377
568 744
209 544
334 617
924 948
834 881
492 883
213 239
311 807
377 414
704 752
733 865
955 995
623 782
915 982
283 334
927 938
66 972
739 775
846 925
863 886
895 896
164 479
218 541
809 824
346 858
30 280
656 820
711431 965246
684166 803063
96337 566801
278543 423829
28327 358444
726622 730485
489958 978535
327529 482202
156251 513525
69835 819349
496802 753997
818205 976553
284702 984079
480826 996307
914141 973749
694030 885702
902036 966885
756506 765784
814751 972873
101760 825741
839013 956409
984062 999710
757632 845981
440857 501440
697425 848113
62321 381019
175519 620567
220398 318763
11774 658626
935633 990102
9959 944051
9571 152150
6068 791151
869 120438
4065 21741
3890 714368
6355 739102
5605 461396
844 74981
9156 474507
5149 496880
5778 749837
8314 901752
9999 99633
1181 780577
3728 49406
3744 621928
9762 902532
6725 508233
4293 268502
1 1000000
