130174 917398
773379 514092
352600 341277
301272 953069
639939 65198
146471 520700
23971 979450
118380 594607
177585 188107
466748 764984
232119 481787
371521 808048
952401 704564
540092 916547
763721 137803
165249 138628
359237 764869
580118 655885
7546 739665
115129 275120
653778 87242
924758 231269
950106 33680
299097 805977
449730 37529
439608 148946
195867 482798
975505 56111
173192 617178
73433 489406
685771 893459
102900 595990
553440 638096
421940 780107
768403 14132
416413 829238
129663 849771
671853 277002
69219 890283
253042 857575
796 668525
984905 242751
431132 334814
146882 962823
664519 99642
456638 331410
835665 576686
283771 457823
455563 594502
190060 385797
519481 177592
151538 619250
801039 828500
281197 906273
98191 412729
862779 518859
532697 340402
64064 786891
448772 954010
496909 485953
674856 304074
838232 268404
505099 241304
18494 39726
542517 771872
462856 236549
736455 800410
630187 264250
251486 16783
79488 215661
267185 997383
926218 365771
199764 474371
200979 850258
783899 571559
958295 554677
334991 125968
839662 748928
278455 332617
937293 119527
370689 84469
478841 581157
858263 444336
559804 411312
423794 792610
610741 794125
513372 666202
354928 592868
756652 745883
447719 707973
732021 835162
815133 676905
956321 684887
210121 162967
821150 489288
532089 947998
869329 68103
423768 983253
331158 410489
627039 832322
704369 245903
416748 652112
419340 500589
113500 633078
899530 858246
471752 775844
425279 932629
207625 533235
821101 847778
588147 100669
418330 86762
379846 331225
26394 389682
491372 977264
431463 242260
838513 476098
78573 977880
757807 183638
831767 739525
273636 868273
9141 423447
779834 505689
475730 870385
23071 130272
690475 391098
69952 420787
736757 587868
486140 336692
308870 148470
386944 418505
129743 988506
287195 894899
577579 657424
515316 424669
113961 510057
830457 525259
261699 536144
614862 363989
310619 529177
103980 993054
517618 585670
332944 166125
564367 367723
827357 994050
761054 400489
620404 96481
993979 147568
643361 368875
364919 567044
597671 662416
474841 232727
846413 916226
235675 914581
325752 592682
38291 169091
794710 447663
974856 240431
981041 192663
350892 74692
633065 565336
149741 281373
448510 958607
218742 535371
560715 890978
124012 437663
384243 689009
602084 660487
932773 154684
859216 508529
17625 727039
282827 263715
776693 338857
445221 580274
307743 924732
313798 41230
851415 293807
85382 818495
49345 170818
768106 163606
417145 974468
35760 500405
675879 77971
513859 576192
591130 562213
312605 147635
150502 382014
219890 445541
261315 997114
325988 78734
549532 405759
318609 811425
311362 405855
349300 56928
714517 469801
318818 227713
134182 576698
174033 445899
783200 437516
771529 624421
854546 311946
573518 623145
672309 913493
677758 548421
749024 787052
434692 583750
778374 764215
521076 868207
148784 571401
674317 295168
994144 891316
596493 597014
381397 352177
615339 881321
292940 272753
782222 915262
203410 216664
952085 175347
780211 485869
952121 429996
128719 18654
813015 923569
467669 445858
729905 21007
646652 616408
393592 115694
204900 625361
170441 926737
601454 930350
243419 377308
253737 467214
768088 919965
99309 642562
773796 939774
609405 967869
867199 948771
971566 235668
139584 228812
8745 665497
972782 273854
328989 992454
328094 190833
467911 779600
226975 561313
488092 152359
897906 978240
963027 459109
592128 749680
810995 447223
590130 52021
63993 712562
24243 284113
337684 306054
533399 285931
676305 990795
789157 342865
365335 19175
57011 141278
312558 401539
883818 400518
677987 248977
709417 103528
147583 26852
22710 352456
278727 340036
442097 164898
224568 774082
329574 965796
881732 296412
631993 55978
161853 788592
836032 616280
70400 739278
1431 361536
944089 631398
419202 966476
21103 591487
465137 624717
551403 841919
420025 314678
81543 180623
470971 568545
367905 128009
696100 695173
965675 946799
583166 72189
717857 707160
519959 718170
373944 933428
639072 914427
27270 585676
350573 367941
508462 905896
235060 920999
558819 255323
332017 103346
911290 487700
464241 459126
570435 782890
894768 536396
787226 208993
300776 188836
564416 90564
788437 250591
466926 885279
561231 418625
140214 965465
260809 593514
820236 857321
64318 104139
326825 612326
217292 289323
66407 789767
160879 47389
537066 928235
953961 392102
170918 869119
379686 412372
494973 446771
237107 907185
297212 959719
186887 935443
864591 972649
237334 34789
526070 781172
787277 106745
445992 181275
963104 293169
818009 114727
522401 971788
699927 832788
779804 624750
982557 131480
369517 602816
568138 557272
263530 284368
940993 316659
183410 383717
558093 890968
733113 749893
339806 100095
863063 57538
471496 339807
826892 393010
476218 442048
342980 572276
85325 721909
391409 408627
79691 322507
887329 805803
411400 921498
135573 355115
201243 700184
686439 926733
696203 282148
807716 922095
242159 593574
687739 103152
116646 665229
267952 117494
437841 979915
45131 272758
554610 638653
120789 899393
194962 739412
886864 743751
948517 873139
776746 271854
539214 854668
22171 628865
527472 483032
207978 601619
898210 286207
632517 178122
449272 517549
637262 372873
647342 734546
262727 329110
809114 194662
574251 706910
54077 597688
458899 430409
356826 94219
84891 950275
986074 505262
211434 627294
400342 239921
412218 328076
799233 927011
382648 807949
444130 140539
968546 297228
980850 424868
13 495567
62313 974875
348 318302
864383 900431
817756 949205
742001 411949
678486 586566
733714 919557
270552 603639
323044 704625
203332 255735
499698 457006
929930 51464
104499 601683
724448 578116
6082 228692
290928 716428
465791 826122
918107 218595
343026 453390
551928 459034
539742 518372
453098 527784
441719 670050
656693 112990
86521 401543
35424 70259
15238 520229
184660 886691
103293 393582
904201 386131
155744 336111
343552 496668
619490 240983
38388 869012
26376 104557
867702 685261
683116 111084
784750 454696
931185 53708
715776 405328
401229 57347
202187 420168
59167 667361
133532 506360
192562 244616
980768 233402
940905 78712
623872 14571
992336 745384
397509 577726
443477 562512
183384 689276
501424 222931
522528 526254
78373 209921
42130 86055
807826 283036
691741 495080
801691 393895
288550 516567
397356 372979
926264 232260
123800 19624
567607 775778
423305 6339
976181 136442
237954 227230
761387 885493
312237 946587
238116 794824
954135 305612
788448 464476
365309 844615
77963 211419
66834 314609
418285 619252
496380 686880
797475 795543
418692 636469
337144 430487
464834 889309
211856 369397
217035 230173
851529 237885
437280 745571
44814 519615
686447 35645
807352 245198
581243 34542
508163 119409
358983 612159
913308 668041
887698 409565
130084 683380
719352 976513
918821 595266
333198 571885
395280 606920
221072 103326
634696 715177
912707 344817
944232 304480
775052 575012
967151 954810
396230 688884
620913 552926
380417 492274
639486 385360
471753 805226
367090 901634
402481 112948
74797 147302
611732 775440
40755 154580
663928 943866
558375 488430
544531 297878
866397 409455
371479 248313
165368 738326
20229 912237
762535 726988
251693 240901
87345 335881
882290 552896
700934 979745
722811 193758
833819 661849
931460 299659
775130 928473
457893 102735
984296 202421
978136 539129
816848 216534
547836 658636
475004 687044
509911 142528
526077 23248
617579 93414
348998 977613
59299 259408
488524 684706
518101 79320
637513 833694
859609 679195
633834 499858
798373 548952
153663 443549
806107 486424
492627 566874
763377 443714
227687 574631
832511 197206
247599 851527
833517 769012
130831 155035
849348 109491
378077 561435
410812 905011
601351 153321
842945 735087
855975 795730
830330 678910
593752 911810
813248 864138
239705 594421
101689 407088
643002 788313
998820 211190
722132 311663
737766 812077
538930 749174
316078 254925
285301 380248
242041 80136
926949 94646
404267 80433
619030 760591
224366 467940
762926 415844
506790 1160
706719 700483
654136 476271
472371 443761
581694 189676
667032 462064
9819 818368
209236 13879
439147 758915
241701 105892
877829 384199
357470 383897
38666 708283
244776 609908
850352 330291
25042 945473
832506 618350
884097 938176
996175 124677
104972 799764
707054 587045
61396 69678
54424 919139
514845 923131
956518 114380
728002 741979
502726 668660
635188 9133
283086 875992
230040 74830
538733 748009
222180 448750
603913 639503
876296 489633
100409 50132
491435 285609
618389 147487
119534 79165
523515 746396
426209 267795
123722 520913
143610 980882
836616 771049
139661 42670
292958 343296
442862 139387
539551 242735
486934 401955
594050 565883
274269 505134
77968 355450
438208 289520
134072 42091
203841 298839
157268 952653
847398 315312
557909 469718
859770 452429
433527 91472
150720 645271
5863 412391
164249 448935
331155 683453
477390 337469
418436 91165
688881 793109
339345 853687
258557 269514
808549 86084
301323 582327
643698 623990
70093 59430
879490 685507
407255 419214
963425 467787
600540 105273
337162 246955
43553 695258
317527 685021
509398 960678
566878 909699
918199 936272
883876 551630
993664 338478
475096 813699
225427 78997
70644 568940
2512 31865
391656 992032
735928 346634
13708 920594
947162 508497
535499 253427
555876 989813
12994 319358
708151 86883
244071 578078
568133 480403
268515 58360
308787 985379
160257 533891
267603 577140
556585 3742
195466 658417
819730 624331
488839 323918
745585 590807
837121 918270
565753 879583
112126 518626
618243 430324
751971 6612
491107 672393
96074 311948
386565 267235
142538 439778
965085 609407
934981 733205
509501 292846
347871 189172
993910 886536
463796 937051
379910 950820
565709 522042
397676 574453
568853 122275
151460 163833
471717 386605
78090 268455
591538 809856
19575 4311
954903 48470
753444 445821
631565 846590
805396 374839
238152 920753
42747 855691
701692 535088
635838 757924
889850 658298
871526 67516
637559 667082
634613 795379
432028 147356
231709 119950
143763 700385
688684 206830
473757 817793
240502 126095
526218 886544
274794 148130
464804 142133
305978 226159
699412 557886
486128 209947
345612 946436
527150 919693
276194 877607
859249 314949
500742 915007
169820 720202
692238 414572
983569 296428
930526 975665
259724 271524
360650 634088
115936 193590
940980 142770
378144 764939
958703 810629
182885 795535
26094 175537
893072 832275
913949 370884
641102 788530
386438 936176
758564 566223
488775 763640
846805 953021
156078 770738
662977 778335
741323 400819
880983 866467
827311 844535
449668 111070
838521 744554
938793 775173
633379 890247
289403 718738
919008 56361
172065 963728
277633 613370
247498 832340
647388 436215
699204 396253
404548 430674
610198 597971
239335 204552
63444 468331
905951 598845
350727 948604
691812 902599
627989 461766
841639 146106
646426 188776
501299 860293
959128 243945
233540 795789
883690 971086
420964 548547
467318 443273
619145 740129
18945 72792
321702 550606
667383 167421
817926 437083
397675 710660
917174 154007
637840 804838
264058 28497
961292 501539
307417 538291
899151 720345
672505 669397
580232 621298
483365 238886
137343 426360
67591 698563
33146 439954
833003 898827
531178 630275
57149 772367
687522 223902
829199 286441
170541 851065
587415 679873
42118 280052
394059 647791
179318 915119
981304 16093
883876 297501
947507 103908
114966 442613
77075 253529
249652 553866
394160 717273
323053 96028
589147 52763
422818 45271
468915 589552
890835 650309
726314 61483
963735 340570
541496 308053
603556 222725
426943 339585
94150 604237
992595 736870
943617 396591
984059 425491
150875 697695
549253 819781
668872 824430
898607 585687
55512 86363
79456 763692
477429 771752
309672 715929
769650 21158
692414 36828
563529 460928
272237 574452
713593 256577
193222 407972
436341 232704
713863 988383
148573 480172
167773 553870
995592 454858
537584 286796
414617 787271
399428 748849
540944 348386
90714 603976
977836 409857
921141 97460
749925 707859
871164 41994
986171 956868
474707 171351
769272 126761
398155 925955
519540 48377
651511 902382
901701 547384
374998 895570
521553 235380
13376 306727
626008 599270
869498 559
627033 60567
451810 266878
929777 156949
933960 683834
470358 373103
454656 526146
974720 126553
55717 608335
684150 540740
928891 428765
217129 226697
623792 831852
646092 108554
662404 730315
481224 129913
769722 494426
599092 309433
849681 798361
829050 714534
383002 401285
258330 709506
311296 969505
936551 912680
740213 248009
569415 138417
667788 170067
2176 155645
156895 440011
936316 373268
735146 131295
422154 290205
368542 123720
859397 424952
728765 823512
554303 785085
570534 90263
288204 199813
434320 866083
680000 177852
36162 643583
563966 48900
555300 868077
10616 462130
22068 952474
491075 986122
13759 880389
350975 463153
627083 52886
819633 897464
355519 635048
499788 241238
389631 200990
245287 849784
174610 304038
35214 622645
893230 953473
990984 887253
681862 535330
65040 964761
432602 794556
888825 464289
643969 490195
142611 34535
864738 706893
480496 142784
96167 838947
491394 533959
17313 418978
236172 328489
345269 336786
683787 849185
232379 333768
323652 623780
322382 670071
97420 99325
103052 540730
905763 975253
810522 680956
761032 838755
410557 862231
561038 839337
330750 199989
226444 416829
599678 84890
455085 767800
165655 410675
42619 765419
290852 319513
638565 143823
90878 774096
45207 331751
900077 613545
708732 798874
993029 986146
700086 839679
822369 395017
7805 216934
429960 531552
322661 196143
587903 336801
256853 934392
607071 603796
634499 618569
296768 48305
925328 693025
842021 54585
291564 598201
210195 427584
171056 154847
553420 576397
734436 603021
695410 867862
624587 207622
452723 714586
484913 35376
417349 71536
241846 743758
931821 123403
457785 236617
397537 61623
532721 188762
961497 53846
502153 267466
70614 530924
419403 828220
556311 711207
30615 19523
